# Synthetic/composite Extraterrestrial Spectrum, April 2018
# Reference: C. Gueymard, "Revised composite extraterrestrial spectrum based on recent solar irradiance observations",
#    Solar Energy, 2018.	
# Data starts at row 13
# 1st column: Wavelength (nm)
# 2nd column: Mean irradiance (W m-2 nm) at normal incidence and mean sun-earth distance (1 ua)	
# 3rd column: Standard deviation (W m-2 nm-1); missing = -999
# 4th column: Coefficient of variation (%); missing = -999	
# Number of wavelengths/data rows: 2540
# Resolution: variable, approximately equal to spectral step
# Total irradiance (solar constant) = 1361.1 W/m2	
# Wavelength	Irradiance	Standard_deviation	Coefficient_of_variation	
0.5	2.2780E-06	-999	-999	
1.5	1.2190E-04	-999	-999	
2.5	1.5130E-05	-999	-999	
3.5	2.5190E-05	-999	-999	
4.5	3.7080E-05	-999	-999	
5.5	4.6100E-05	-999	-999	
6.5	4.3670E-05	-999	-999	
7.5	3.1150E-05	-999	-999	
8.5	2.8280E-05	-999	-999	
9.5	1.6520E-05	-999	-999	
10.5	6.7710E-06	-999	-999	
11.5	3.3620E-06	-999	-999	
12.5	1.7560E-06	-999	-999	
13.5	1.9580E-06	-999	-999	
14.5	2.1400E-05	-999	-999	
15.5	1.6360E-05	-999	-999	
16.5	3.3980E-05	-999	-999	
17.5	5.0080E-04	-999	-999	
18.5	2.8750E-04	-999	-999	
19.5	2.0380E-04	-999	-999	
20.5	1.9580E-04	-999	-999	
21.5	9.4100E-05	-999	-999	
22.5	1.0250E-04	-999	-999	
23.5	2.2870E-05	-999	-999	
24.5	4.7620E-05	-999	-999	
25.5	1.1730E-04	-999	-999	
26.5	4.0250E-05	-999	-999	
27.5	8.4750E-05	-999	-999	
28.5	8.5560E-05	-999	-999	
29.5	4.3750E-05	-999	-999	
30.5	6.2520E-04	-999	-999	
31.5	1.1900E-04	-999	-999	
32.5	1.5930E-04	-999	-999	
33.5	1.5660E-04	-999	-999	
34.5	6.9370E-05	-999	-999	
35.5	5.9330E-05	-999	-999	
36.5	8.0390E-05	-999	-999	
37.5	1.3830E-05	-999	-999	
38.5	5.9310E-06	-999	-999	
39.5	5.8320E-06	-999	-999	
40.5	9.7810E-06	-999	-999	
41.5	1.8100E-05	-999	-999	
42.5	4.7980E-06	-999	-999	
43.5	1.1010E-05	-999	-999	
44.5	4.3890E-06	-999	-999	
45.5	4.8240E-06	-999	-999	
46.5	1.7380E-05	-999	-999	
47.5	6.9250E-06	-999	-999	
48.5	1.1550E-05	-999	-999	
49.5	3.9650E-05	-999	-999	
50.5	1.6800E-05	-999	-999	
51.5	5.7430E-06	-999	-999	
52.5	9.8080E-06	-999	-999	
53.5	7.4580E-06	-999	-999	
54.5	4.8430E-06	-999	-999	
55.5	2.1650E-05	-999	-999	
56.5	6.5780E-06	-999	-999	
57.5	6.5280E-06	-999	-999	
58.5	3.6890E-05	-999	-999	
59.5	7.7760E-06	-999	-999	
60.5	3.1120E-05	-999	-999	
61.5	9.7370E-06	-999	-999	
62.5	4.2090E-05	-999	-999	
63.5	1.0600E-05	-999	-999	
64.5	2.4420E-06	-999	-999	
65.5	1.9160E-06	-999	-999	
66.5	1.7090E-06	-999	-999	
67.5	1.7500E-06	-999	-999	
68.5	6.0270E-06	-999	-999	
69.5	4.4520E-06	-999	-999	
70.5	1.1720E-05	-999	-999	
71.5	5.1200E-06	-999	-999	
72.5	3.8330E-06	-999	-999	
73.5	4.9950E-06	-999	-999	
74.5	6.1550E-06	-999	-999	
75.5	9.4120E-06	-999	-999	
76.5	2.3790E-05	-999	-999	
77.5	2.1560E-05	-999	-999	
78.5	3.0430E-05	-999	-999	
79.5	1.4290E-05	-999	-999	
80.5	1.4680E-05	-999	-999	
81.5	1.6680E-05	-999	-999	
82.5	2.4650E-05	-999	-999	
83.5	4.2090E-05	-999	-999	
84.5	3.0610E-05	-999	-999	
85.5	3.4090E-05	-999	-999	
86.5	3.6130E-05	-999	-999	
87.5	4.3010E-05	-999	-999	
88.5	4.9150E-05	-999	-999	
89.5	5.9780E-05	-999	-999	
90.5	7.0440E-05	-999	-999	
91.5	5.3890E-05	-999	-999	
92.5	1.9220E-05	-999	-999	
93.5	1.6850E-05	-999	-999	
94.5	1.2010E-05	-999	-999	
95.5	6.9640E-06	-999	-999	
96.5	7.2410E-06	-999	-999	
97.5	1.2960E-04	-999	-999	
98.5	1.4740E-05	-999	-999	
99.5	2.2740E-05	-999	-999	
100.5	9.2150E-06	-999	-999	
101.5	1.0650E-05	-999	-999	
102.5	9.7190E-05	-999	-999	
103.5	1.0040E-04	-999	-999	
104.5	1.4700E-05	-999	-999	
105.5	1.2440E-05	-999	-999	
106.5	1.1840E-05	-999	-999	
107.5	1.2570E-05	-999	-999	
108.5	2.1090E-05	-999	-999	
109.5	1.4190E-05	-999	-999	
110.5	1.5130E-05	-999	-999	
111.5	1.3880E-05	-999	-999	
112.5	1.5120E-05	-999	-999	
113.5	1.1810E-05	-999	-999	
114.5	7.9900E-06	-999	-999	
115.5	1.3130E-05	-999	-999	
116.5	1.4840E-05	-999	-999	
117.5	6.3110E-05	-999	-999	
118.5	1.6710E-05	-999	-999	
119.5	5.5560E-05	-999	-999	
120.5	1.6870E-04	-999	-999	
121.5	8.1190E-03	-999	-999	
122.5	5.9620E-05	-999	-999	
123.5	4.2300E-05	-999	-999	
124.5	3.2170E-05	-999	-999	
125.5	3.0500E-05	-999	-999	
126.5	4.4990E-05	-999	-999	
127.5	2.3610E-05	-999	-999	
128.5	1.9320E-05	-999	-999	
129.5	2.2730E-05	-999	-999	
130.5	1.8170E-04	-999	-999	
131.5	2.9640E-05	-999	-999	
132.5	2.2700E-05	-999	-999	
133.5	2.1630E-04	-999	-999	
134.5	2.0230E-05	-999	-999	
135.5	4.6160E-05	-999	-999	
136.5	2.9970E-05	-999	-999	
137.5	3.1880E-05	-999	-999	
138.5	3.1580E-05	-999	-999	
139.5	9.2670E-05	-999	-999	
140.5	7.6940E-05	-999	-999	
141.5	4.5320E-05	-999	-999	
142.5	4.8970E-05	-999	-999	
143.5	5.7080E-05	-999	-999	
144.5	5.5540E-05	-999	-999	
145.5	5.9720E-05	-999	-999	
146.5	7.4240E-05	-999	-999	
147.5	9.2170E-05	-999	-999	
148.5	9.3960E-05	-999	-999	
149.5	8.4730E-05	-999	-999	
150.5	9.4440E-05	-999	-999	
151.5	1.0210E-04	-999	-999	
152.5	1.2860E-04	-999	-999	
153.5	1.4290E-04	-999	-999	
154.5	2.5430E-04	-999	-999	
155.5	2.1010E-04	-999	-999	
156.5	2.1130E-04	-999	-999	
157.5	1.9100E-04	-999	-999	
158.5	1.8370E-04	-999	-999	
159.5	1.8360E-04	-999	-999	
160.5	2.0640E-04	-999	-999	
161.5	2.4190E-04	-999	-999	
162.5	2.7780E-04	-999	-999	
163.5	3.0470E-04	-999	-999	
164.5	3.3910E-04	-999	-999	
165.5	5.2950E-04	-999	-999	
166.5	3.6950E-04	-999	-999	
167.5	4.3620E-04	-999	-999	
168.5	4.8520E-04	-999	-999	
169.5	6.3570E-04	-999	-999	
170.5	7.3520E-04	-999	-999	
171.5	7.3770E-04	-999	-999	
172.5	7.9630E-04	-999	-999	
173.5	7.9930E-04	-999	-999	
174.5	9.8160E-04	-999	-999	
175.5	1.2090E-03	-999	-999	
176.5	1.3100E-03	-999	-999	
177.5	1.5800E-03	-999	-999	
178.5	1.7620E-03	-999	-999	
179.5	1.7230E-03	-999	-999	
180.5	2.0610E-03	-999	-999	
181.5	2.4810E-03	-999	-999	
182.5	2.3120E-03	-999	-999	
183.5	2.4710E-03	-999	-999	
184.5	2.1140E-03	-999	-999	
185.5	2.4170E-03	-999	-999	
186.5	2.7690E-03	-999	-999	
187.5	3.2110E-03	-999	-999	
188.5	3.4020E-03	-999	-999	
189.5	3.8340E-03	-999	-999	
190.5	3.9690E-03	-999	-999	
191.5	4.3600E-03	-999	-999	
192.5	4.6640E-03	-999	-999	
193.5	3.5320E-03	-999	-999	
194.5	5.9010E-03	-999	-999	
195.5	5.7540E-03	-999	-999	
196.5	6.5120E-03	-999	-999	
197.5	6.6030E-03	-999	-999	
198.5	6.6580E-03	-999	-999	
199.5	7.2310E-03	-999	-999	
200	7.1060E-03	0.00033	4.6
200.5	7.3513E-03	0.00014	1.9
201	8.0707E-03	0.00029	3.5
201.5	8.4543E-03	0.00025	2.9
202	8.7708E-03	0.00008	1.0
202.5	8.4478E-03	0.00044	5.3
203	9.1859E-03	0.00028	3.0
203.5	9.4323E-03	0.00029	3.1
204	9.9191E-03	0.00032	3.2
204.5	1.0773E-02	0.00029	2.7
205	1.0933E-02	0.00035	3.2
205.5	1.0997E-02	0.00035	3.2
206	1.1061E-02	0.00035	3.1
206.5	1.1392E-02	0.00049	4.3
207	1.2514E-02	0.00040	3.2
207.5	1.3126E-02	0.00050	3.8
208	1.3752E-02	0.00076	5.5
208.5	1.5355E-02	0.00068	4.4
209	1.8678E-02	0.00042	2.2
209.5	2.1917E-02	0.00061	2.8
210	2.5668E-02	0.00096	3.7
210.5	2.8847E-02	0.00086	3.0
211	3.1209E-02	0.00135	4.3
211.5	3.4483E-02	0.00101	2.9
212	3.6927E-02	0.00100	2.7
212.5	2.9282E-02	0.00286	9.8
213	3.2264E-02	0.00095	3.0
213.5	3.2661E-02	0.00210	6.4
214	3.8542E-02	0.00139	3.6
214.5	4.2518E-02	0.00092	2.2
215	3.9835E-02	0.00192	4.8
215.5	3.7641E-02	0.00113	3.0
216	3.4892E-02	0.00160	4.6
216.5	3.3798E-02	0.00133	3.9
217	3.4018E-02	0.00181	5.3
217.5	3.4453E-02	0.00175	5.1
218	4.3961E-02	0.00069	1.6
218.5	4.6618E-02	0.00119	2.6
219	4.6776E-02	0.00221	4.7
219.5	4.9603E-02	0.00107	2.2
220	5.1101E-02	0.00148	2.9
220.5	5.1285E-02	0.00079	1.5
221	3.7527E-02	0.00255	6.8
221.5	4.0583E-02	0.00234	5.8
222	4.4930E-02	0.00082	1.8
222.5	5.1201E-02	0.00169	3.3
223	5.8347E-02	0.00235	4.0
223.5	6.6870E-02	0.00119	1.8
224	6.3864E-02	0.00209	3.3
224.5	6.0426E-02	0.00265	4.4
225	5.7402E-02	0.00184	3.2
225.5	5.2271E-02	0.00253	4.8
226	4.6996E-02	0.00171	3.6
226.5	3.8329E-02	0.00211	5.5
227	3.5837E-02	0.00321	9.0
227.5	3.7884E-02	0.00170	4.5
228	4.8995E-02	0.00094	1.9
228.5	5.4531E-02	0.00192	3.5
229	4.9343E-02	0.00225	4.6
229.5	4.9413E-02	0.00096	2.0
230	4.3026E-02	0.00229	5.3
230.5	5.5934E-02	0.00271	4.8
231	5.3323E-02	0.00153	2.9
231.5	5.0623E-02	0.00175	3.5
232	5.1204E-02	0.00207	4.0
232.5	5.5013E-02	0.00194	3.5
233	4.9551E-02	0.00147	3.0
233.5	4.5580E-02	0.00145	3.2
234	4.1041E-02	0.00089	2.2
234.5	3.4950E-02	0.00197	5.6
235	4.4283E-02	0.00190	4.3
235.5	5.5820E-02	0.00329	5.9
236	4.8751E-02	0.00230	4.7
236.5	4.7397E-02	0.00174	3.7
237	5.0977E-02	0.00111	2.2
237.5	4.9335E-02	0.00316	6.4
238	4.4120E-02	0.00169	3.8
238.5	3.9041E-02	0.00133	3.4
239	4.5621E-02	0.00290	6.4
239.5	4.3624E-02	0.00175	4.0
240	4.3184E-02	0.00100	2.3
240.5	3.9772E-02	0.00115	2.9
241	4.0582E-02	0.00142	3.5
241.5	4.9697E-02	0.00157	3.2
242	6.4243E-02	0.00263	4.1
242.5	7.0657E-02	0.00268	3.8
243	7.0830E-02	0.00282	4.0
243.5	6.4871E-02	0.00227	3.5
244	6.6440E-02	0.00059	0.9
244.5	6.3265E-02	0.00345	5.5
245	5.4784E-02	0.00176	3.2
245.5	4.9874E-02	0.00123	2.5
246	4.9864E-02	0.00138	2.8
246.5	4.9519E-02	0.00180	3.6
247	5.4650E-02	0.00116	2.1
247.5	5.7764E-02	0.00293	5.1
248	5.1674E-02	0.00163	3.2
248.5	4.5970E-02	0.00107	2.3
249	4.2261E-02	0.00259	6.1
249.5	5.7383E-02	0.00401	7.0
250	6.3739E-02	0.00277	4.3
250.5	5.9701E-02	0.00222	3.7
251	5.5842E-02	0.00293	5.3
251.5	4.6083E-02	0.00147	3.2
252	4.1442E-02	0.00196	4.7
252.5	4.0661E-02	0.00155	3.8
253	4.5589E-02	0.00183	4.0
253.5	5.2034E-02	0.00159	3.1
254	5.5837E-02	0.00091	1.6
254.5	5.9700E-02	0.00209	3.5
255	6.4643E-02	0.00245	3.8
255.5	8.2618E-02	0.00300	3.6
256	8.9482E-02	0.00238	2.7
256.5	9.6816E-02	0.00412	4.3
257	1.2213E-01	0.00679	5.6
257.5	1.2355E-01	0.00475	3.8
258	1.3657E-01	0.00649	4.8
258.5	1.2313E-01	0.00462	3.8
259	1.2799E-01	0.00548	4.3
259.5	1.0601E-01	0.00310	2.9
260	8.3382E-02	0.00694	8.3
260.5	9.2921E-02	0.00484	5.2
261	8.2515E-02	0.00286	3.5
261.5	8.6753E-02	0.00294	3.4
262	1.0566E-01	0.00413	3.9
262.5	1.1112E-01	0.00439	4.0
263	9.4888E-02	0.01074	11.3
263.5	1.5744E-01	0.00547	3.5
264	2.4588E-01	0.01201	4.9
264.5	2.6362E-01	0.01285	4.9
265	2.3046E-01	0.01522	6.6
265.5	2.6867E-01	0.01169	4.3
266	2.6536E-01	0.00905	3.4
266.5	2.5406E-01	0.00689	2.7
267	2.4984E-01	0.00698	2.8
267.5	2.6629E-01	0.00727	2.7
268	2.5728E-01	0.00665	2.6
268.5	2.5920E-01	0.00563	2.2
269	2.4337E-01	0.00669	2.7
269.5	2.4509E-01	0.00553	2.3
270	2.6495E-01	0.00566	2.1
270.5	2.8245E-01	0.01311	4.6
271	2.6663E-01	0.00576	2.2
271.5	2.4288E-01	0.00661	2.7
272	1.7580E-01	0.01273	7.2
272.5	1.9596E-01	0.00614	3.1
273	2.3752E-01	0.01439	6.1
273.5	2.0706E-01	0.00357	1.7
274	1.5082E-01	0.00807	5.3
274.5	1.3359E-01	0.00522	3.9
275	1.4371E-01	0.00604	4.2
275.5	1.8154E-01	0.00568	3.1
276	2.3150E-01	0.00446	1.9
276.5	2.5936E-01	0.00801	3.1
277	2.5776E-01	0.00385	1.5
277.5	2.5702E-01	0.01203	4.7
278	1.9677E-01	0.00991	5.0
278.5	1.6892E-01	0.00654	3.9
279	1.2540E-01	0.00357	2.8
279.5	8.1587E-02	0.00560	6.9
280	7.8018E-02	0.00296	3.8
280.5	9.7054E-02	0.00436	4.5
281	1.5627E-01	0.00702	4.5
281.5	2.2108E-01	0.00823	3.7
282	2.7195E-01	0.00889	3.2
282.5	3.0201E-01	0.00589	1.9
283	3.2491E-01	0.00554	1.7
283.5	3.1976E-01	0.00437	1.4
284	3.0911E-01	0.00619	2.0
284.5	2.4706E-01	0.00725	2.9
285	1.4410E-01	0.01908	13.2
285.5	1.4168E-01	0.01878	13.2
286	2.6703E-01	0.01863	6.9
286.5	3.3726E-01	0.00509	1.5
287	3.6623E-01	0.01024	2.8
287.5	3.5966E-01	0.00991	2.7
288	2.9309E-01	0.02089	7.1
288.5	3.4108E-01	0.01537	4.5
289	4.1090E-01	0.00390	0.9
289.5	4.8679E-01	0.01141	2.3
290	5.8350E-01	0.01545	2.6
290.5	6.2027E-01	0.01285	2.1
291	6.0940E-01	0.01418	2.3
291.5	5.8795E-01	0.01114	1.9
292	5.5922E-01	0.00851	1.5
292.5	5.2007E-01	0.02062	3.9
293	5.4538E-01	0.01155	2.1
293.5	5.6202E-01	0.01273	2.3
294	5.2089E-01	0.01541	2.9
294.5	5.2700E-01	0.00641	1.2
295	5.1843E-01	0.01068	2.0
295.5	5.6158E-01	0.01364	2.4
296	5.8224E-01	0.01732	3.0
296.5	5.1155E-01	0.00881	1.7
297	4.3635E-01	0.02547	5.8
297.5	5.3891E-01	0.01937	3.6
298	5.4472E-01	0.02793	5.1
298.5	3.9446E-01	0.03004	7.6
299	5.1778E-01	0.02172	4.2
299.5	5.0240E-01	0.01110	2.2
300	4.4866E-01	0.01071	2.4
300.5	4.2804E-01	0.00880	2.1
301	4.6652E-01	0.00851	1.8
301.5	4.9837E-01	0.03176	6.1
302	4.3864E-01	0.03144	8.1
302.5	5.3152E-01	0.01720	3.4
303	6.3794E-01	0.01325	2.1
303.5	6.5888E-01	0.02150	3.2
304	6.0856E-01	0.01829	3.2
304.5	6.3517E-01	0.00651	1.0
305	6.4108E-01	0.01185	1.8
305.5	6.1946E-01	0.01075	1.7
306	5.4773E-01	0.02517	4.6
306.5	5.7690E-01	0.00495	0.9
307	6.1547E-01	0.00801	1.3
307.5	6.4180E-01	0.00382	0.6
308	6.4710E-01	0.00865	1.3
308.5	6.5035E-01	0.01272	1.9
309	5.6363E-01	0.00836	1.5
309.5	5.0570E-01	0.01130	2.2
310	4.9338E-01	0.03781	7.6
310.5	6.6089E-01	0.02297	3.5
311	7.7783E-01	0.03052	3.9
311.5	7.5172E-01	0.00859	1.1
312	6.5649E-01	0.02410	3.6
312.5	6.7240E-01	0.01519	2.2
313	6.9618E-01	0.01448	2.1
313.5	7.1543E-01	0.01869	2.6
314	7.5176E-01	0.03816	5.0
314.5	6.2396E-01	0.04495	7.2
315	7.0523E-01	0.02924	4.1
315.5	6.5734E-01	0.01685	2.5
316	5.5641E-01	0.04354	7.8
316.5	6.5007E-01	0.01663	2.6
317	7.7114E-01	0.01416	1.9
317.5	8.2136E-01	0.03440	4.2
318	6.5927E-01	0.03492	5.1
318.5	6.6166E-01	0.02848	4.3
319	7.2854E-01	0.02429	3.3
319.5	6.9981E-01	0.02782	4.1
320	8.1191E-01	0.01441	1.8
320.5	8.5212E-01	0.02405	2.8
321	7.4160E-01	0.01977	2.6
321.5	6.8476E-01	0.02011	2.9
322	7.6609E-01	0.03010	3.9
322.5	6.9870E-01	0.01140	1.6
323	6.4875E-01	0.02074	3.2
323.5	6.7781E-01	0.00853	1.3
324	7.4757E-01	0.01130	1.5
324.5	7.9683E-01	0.01450	1.8
325	8.0208E-01	0.02036	2.5
325.5	9.2234E-01	0.01604	1.7
326	1.0111E+00	0.02104	2.1
326.5	9.9268E-01	0.01344	1.3
327	9.9411E-01	0.00660	0.7
327.5	9.7921E-01	0.01356	1.4
328	9.4730E-01	0.00766	0.8
328.5	9.2074E-01	0.01222	1.3
329	9.9847E-01	0.01980	2.0
329.5	1.1042E+00	0.01483	1.3
330	1.1152E+00	0.02348	2.1
330.5	9.8663E-01	0.02338	2.4
331	9.8425E-01	0.01747	1.8
331.5	9.6787E-01	0.01750	1.8
332	9.9447E-01	0.00947	0.9
332.5	9.5458E-01	0.01902	2.0
333	9.5929E-01	0.01370	1.4
333.5	9.2080E-01	0.01868	2.0
334	9.3402E-01	0.01702	1.8
334.5	1.0056E+00	0.01746	1.7
335	9.5424E-01	0.02429	2.6
335.5	9.9564E-01	0.04562	4.5
336	8.1321E-01	0.05453	6.7
336.5	8.5788E-01	0.02184	2.5
337	7.7949E-01	0.03187	4.1
337.5	8.9621E-01	0.01659	1.9
338	9.0625E-01	0.01912	2.1
338.5	9.3343E-01	0.01510	1.6
339	9.6218E-01	0.00809	0.8
339.5	9.3659E-01	0.02167	2.3
340	1.0788E+00	0.03366	3.1
340.5	1.0035E+00	0.01797	1.7
341	9.5085E-01	0.00933	1.0
341.5	8.8731E-01	0.02779	3.0
342	1.0021E+00	0.01817	1.8
342.5	9.5908E-01	0.01783	1.8
343	1.0527E+00	0.02284	2.2
343.5	9.8897E-01	0.02414	2.4
344	8.2934E-01	0.02837	3.4
344.5	7.6345E-01	0.04401	5.6
345	9.3938E-01	0.02177	2.3
345.5	9.8185E-01	0.02932	3.0
346	9.0686E-01	0.02957	3.2
346.5	9.5060E-01	0.01668	1.7
347	9.7570E-01	0.02668	2.7
347.5	8.7858E-01	0.02988	3.3
348	9.2112E-01	0.01713	1.8
348.5	9.4059E-01	0.01356	1.4
349	8.9851E-01	0.01696	1.9
349.5	8.9234E-01	0.03133	3.5
350	1.0107E+00	0.02108	2.1
350.5	1.0980E+00	0.03157	2.9
351	1.0369E+00	0.01370	1.3
351.5	9.7716E-01	0.02000	2.0
352	1.0040E+00	0.04417	4.2
352.5	8.7650E-01	0.05301	6.0
353	1.0039E+00	0.02276	2.3
353.5	1.0818E+00	0.01284	1.2
354	1.1314E+00	0.00851	0.7
354.5	1.1436E+00	0.00929	0.8
355	1.1457E+00	0.02192	1.9
355.5	1.0558E+00	0.02111	2.0
356	1.0482E+00	0.01711	1.6
356.5	9.3999E-01	0.03682	3.8
357	8.1029E-01	0.04474	5.5
357.5	8.8218E-01	0.02883	3.2
358	7.7582E-01	0.03707	4.7
358.5	6.7260E-01	0.04635	6.9
359	8.7301E-01	0.03085	3.6
359.5	1.0791E+00	0.03560	3.3
360	1.1345E+00	0.05094	4.5
360.5	9.8861E-01	0.02032	2.0
361	8.9198E-01	0.03342	3.7
361.5	9.6693E-01	0.03597	3.7
362	9.1034E-01	0.04516	4.9
362.5	1.0813E+00	0.03534	3.3
363	1.0731E+00	0.03387	3.2
363.5	9.8327E-01	0.03500	3.5
364	1.1273E+00	0.04976	4.4
364.5	1.0319E+00	0.02649	2.6
365	1.0446E+00	0.04351	4.2
365.5	1.2377E+00	0.03836	3.1
366	1.2875E+00	0.04131	3.1
366.5	1.2656E+00	0.01702	1.3
367	1.2284E+00	0.01257	1.0
367.5	1.2544E+00	0.02723	2.2
368	1.1377E+00	0.02185	1.9
368.5	1.1381E+00	0.01038	0.9
369	1.1752E+00	0.02559	2.2
369.5	1.2712E+00	0.01453	1.1
370	1.3052E+00	0.04276	3.3
370.5	1.1396E+00	0.04192	3.7
371	1.1417E+00	0.04922	4.4
371.5	1.2793E+00	0.10155	7.9
372	1.0532E+00	0.06488	6.1
372.5	1.0532E+00	0.02376	2.2
373	1.0952E+00	0.03691	3.3
373.5	8.3464E-01	0.08875	10.3
374	9.6762E-01	0.03054	3.1
374.5	9.2557E-01	0.01859	2.0
375	8.8892E-01	0.06343	7.1
375.5	1.1645E+00	0.08258	6.8
376	1.0905E+00	0.02910	2.7
376.5	1.1018E+00	0.01891	1.7
377	1.1727E+00	0.02652	2.3
377.5	1.3268E+00	0.02018	1.5
378	1.4288E+00	0.03141	2.2
378.5	1.3830E+00	0.04837	3.5
379	1.1726E+00	0.03479	3.0
379.5	1.0770E+00	0.03127	2.9
380	1.0803E+00	0.04811	4.4
380.5	1.2771E+00	0.03543	2.8
381	1.2856E+00	0.03984	3.1
381.5	1.0807E+00	0.02664	2.5
382	9.3227E-01	0.01553	1.7
382.5	7.9280E-01	0.01802	2.2
383	7.1906E-01	0.00866	1.2
383.5	6.9060E-01	0.01724	2.5
384	7.9025E-01	0.05700	7.2
384.5	1.0167E+00	0.03579	3.5
385	1.0660E+00	0.01635	1.5
385.5	1.0175E+00	0.01209	1.2
386	9.3055E-01	0.05831	6.2
386.5	1.0667E+00	0.02864	2.6
387	9.9428E-01	0.03174	3.1
387.5	1.0144E+00	0.01849	1.8
388	9.9704E-01	0.01467	1.5
388.5	9.8391E-01	0.01885	1.9
389	1.0475E+00	0.02668	2.5
389.5	1.2267E+00	0.02980	2.4
390	1.2617E+00	0.01258	1.0
390.5	1.2078E+00	0.03141	2.6
391	1.3438E+00	0.02912	2.2
391.5	1.3973E+00	0.03231	2.3
392	1.2266E+00	0.01583	1.3
392.5	1.0542E+00	0.03226	3.0
393	6.6923E-01	0.05462	7.9
393.5	4.8483E-01	0.09849	20.2
394	7.8917E-01	0.02910	3.6
394.5	1.0726E+00	0.03160	2.9
395	1.2890E+00	0.03027	2.3
395.5	1.3439E+00	0.02585	1.9
396	1.1796E+00	0.05478	4.6
396.5	7.5771E-01	0.03898	4.9
397	6.0611E-01	0.11704	19.8
397.5	9.9812E-01	0.05612	5.6
398	1.4212E+00	0.03530	2.5
398.5	1.5264E+00	0.01949	1.3
399	1.6513E+00	0.02111	1.3
399.5	1.6769E+00	0.02951	1.7
400	1.6894E+00	0.03104	1.8
401	1.7260E+00	0.01270	0.7
402	1.7762E+00	0.02617	1.5
403	1.7221E+00	0.01796	1.0
404	1.7124E+00	0.01449	0.8
405	1.6800E+00	0.02213	1.3
406	1.6426E+00	0.02481	1.5
407	1.6377E+00	0.01624	1.0
408	1.6857E+00	0.02772	1.6
409	1.8142E+00	0.03000	1.7
410	1.5852E+00	0.03670	2.3
411	1.7391E+00	0.02805	1.6
412	1.8392E+00	0.03324	1.8
413	1.7614E+00	0.02132	1.2
414	1.7941E+00	0.02400	1.3
415	1.7736E+00	0.01511	0.8
416	1.8277E+00	0.03410	1.9
417	1.7656E+00	0.02201	1.2
418	1.7253E+00	0.01559	0.9
419	1.7414E+00	0.01588	0.9
420	1.7068E+00	0.02483	1.4
421	1.8074E+00	0.02404	1.3
422	1.7488E+00	0.02597	1.5
423	1.6699E+00	0.03364	2.0
424	1.7269E+00	0.02561	1.5
425	1.7289E+00	0.02264	1.3
426	1.6924E+00	0.02068	1.2
427	1.6530E+00	0.02372	1.4
428	1.6562E+00	0.02028	1.2
429	1.5675E+00	0.01716	1.1
430	1.3401E+00	0.03198	2.4
431	1.3392E+00	0.07180	5.4
432	1.7429E+00	0.05567	3.2
433	1.7467E+00	0.02988	1.7
434	1.6088E+00	0.03533	2.1
435	1.7490E+00	0.02704	1.6
436	1.8619E+00	0.02964	1.6
437	1.8585E+00	0.01647	0.9
438	1.7114E+00	0.02616	1.5
439	1.7195E+00	0.03423	2.0
440	1.8030E+00	0.02061	1.1
441	1.8488E+00	0.03062	1.6
442	1.9622E+00	0.02934	1.5
443	1.9568E+00	0.02013	1.0
444	1.9739E+00	0.03126	1.6
445	1.9635E+00	0.02310	1.2
446	1.8673E+00	0.03199	1.7
447	1.9883E+00	0.02822	1.4
448	2.0268E+00	0.01425	0.7
449	2.0335E+00	0.02028	1.0
450	2.0736E+00	0.00838	0.4
451	2.1488E+00	0.02500	1.2
452	2.0779E+00	0.02032	1.0
453	1.9367E+00	0.04022	2.0
454	2.0276E+00	0.02561	1.3
455	1.9989E+00	0.02325	1.1
456	2.0687E+00	0.02118	1.0
457	2.0961E+00	0.02193	1.0
458	2.0557E+00	0.01860	0.9
459	2.0423E+00	0.02002	1.0
460	2.0306E+00	0.01450	0.7
461	2.0901E+00	0.02109	1.0
462	2.1021E+00	0.02491	1.2
463	2.1000E+00	0.02455	1.2
464	2.0682E+00	0.02118	1.0
465	2.0239E+00	0.01366	0.7
466	2.0357E+00	0.01746	0.9
467	1.9916E+00	0.02552	1.3
468	2.0237E+00	0.02002	1.0
469	2.0338E+00	0.01564	0.8
470	1.9850E+00	0.01915	1.0
471	1.9792E+00	0.02142	1.1
472	2.0815E+00	0.02031	1.0
473	2.0410E+00	0.02448	1.2
474	2.0548E+00	0.01895	0.9
475	2.0768E+00	0.01768	0.8
476	2.0314E+00	0.02299	1.1
477	2.0553E+00	0.01121	0.5
478	2.0991E+00	0.02191	1.0
479	2.0626E+00	0.01938	0.9
480	2.0879E+00	0.02337	1.1
481	2.0806E+00	0.02185	1.0
482	2.1029E+00	0.01361	0.6
483	2.0654E+00	0.02618	1.3
484	2.0114E+00	0.02687	1.3
485	1.9699E+00	0.02846	1.4
486	1.6972E+00	0.03206	1.9
487	1.7998E+00	0.02434	1.4
488	1.9407E+00	0.02559	1.3
489	1.9408E+00	0.01756	0.9
490	2.0384E+00	0.02397	1.2
491	2.0025E+00	0.01855	0.9
492	1.9041E+00	0.02579	1.3
493	1.9699E+00	0.02112	1.1
494	1.9774E+00	0.01300	0.7
495	2.0370E+00	0.02815	1.4
496	1.9875E+00	0.02039	1.0
497	2.0169E+00	0.02317	1.1
498	1.9625E+00	0.01486	0.8
499	1.9488E+00	0.01510	0.8
500	1.9316E+00	0.01316	0.7
501	1.8820E+00	0.01274	0.7
502	1.8849E+00	0.01646	0.9
503	1.9351E+00	0.01646	0.8
504	1.9193E+00	0.02012	1.1
505	1.9500E+00	0.01434	0.7
506	2.0115E+00	0.02111	1.0
507	1.9471E+00	0.01250	0.6
508	1.8941E+00	0.01600	0.8
509	1.9418E+00	0.02059	1.1
510	1.9161E+00	0.01042	0.5
511	1.9383E+00	0.01835	0.9
512	1.9573E+00	0.01560	0.8
513	1.8682E+00	0.00893	0.5
514	1.8472E+00	0.01123	0.6
515	1.8608E+00	0.01495	0.8
516	1.8422E+00	0.02699	1.5
517	1.6269E+00	0.06168	3.8
518	1.7088E+00	0.03442	2.0
519	1.7517E+00	0.01569	0.9
520	1.8367E+00	0.01425	0.8
521	1.8508E+00	0.01246	0.7
522	1.8746E+00	0.01381	0.7
523	1.8292E+00	0.02033	1.1
524	1.9232E+00	0.01190	0.6
525	1.9194E+00	0.01179	0.6
526	1.8403E+00	0.01837	1.0
527	1.7218E+00	0.03779	2.2
528	1.8638E+00	0.01509	0.8
529	1.9434E+00	0.02326	1.2
530	1.9224E+00	0.01772	0.9
531	1.9600E+00	0.01104	0.6
532	1.9038E+00	0.01573	0.8
533	1.8253E+00	0.02660	1.4
534	1.8867E+00	0.01029	0.5
535	1.9023E+00	0.01221	0.6
536	1.9408E+00	0.01490	0.8
537	1.8681E+00	0.00860	0.5
538	1.8973E+00	0.00890	0.5
539	1.8820E+00	0.00778	0.4
540	1.8122E+00	0.01053	0.6
541	1.8091E+00	0.01816	1.0
542	1.8776E+00	0.01010	0.5
543	1.8472E+00	0.00861	0.5
544	1.8962E+00	0.00957	0.5
545	1.8868E+00	0.00538	0.3
546	1.8920E+00	0.00895	0.5
547	1.8742E+00	0.01131	0.6
548	1.8591E+00	0.01324	0.7
549	1.8800E+00	0.00731	0.4
550	1.8815E+00	0.00831	0.4
551	1.8697E+00	0.00820	0.4
552	1.8816E+00	0.01276	0.7
553	1.8531E+00	0.00521	0.3
554	1.8848E+00	0.00941	0.5
555	1.8944E+00	0.00368	0.2
556	1.8658E+00	0.00947	0.5
557	1.8283E+00	0.00396	0.2
558	1.8361E+00	0.01193	0.7
559	1.7952E+00	0.01036	0.6
560	1.8158E+00	0.00884	0.5
561	1.8486E+00	0.00831	0.5
562	1.8216E+00	0.00695	0.4
563	1.8565E+00	0.01122	0.6
564	1.8402E+00	0.00816	0.4
565	1.8365E+00	0.01078	0.6
566	1.7866E+00	0.01572	0.9
567	1.8446E+00	0.00797	0.4
568	1.8399E+00	0.00833	0.4
569	1.8273E+00	0.01067	0.6
570	1.8303E+00	0.01180	0.6
571	1.7755E+00	0.01683	0.9
572	1.8459E+00	0.00830	0.4
573	1.8712E+00	0.00861	0.5
574	1.8656E+00	0.00554	0.3
575	1.8364E+00	0.00522	0.3
576	1.8279E+00	0.00638	0.3
577	1.8433E+00	0.00746	0.4
578	1.8133E+00	0.00325	0.2
579	1.8131E+00	0.00475	0.3
580	1.8285E+00	0.00651	0.4
581	1.8262E+00	0.00812	0.4
582	1.8479E+00	0.00748	0.4
583	1.8480E+00	0.00837	0.5
584	1.8442E+00	0.00760	0.4
585	1.8167E+00	0.00821	0.4
586	1.7792E+00	0.01129	0.6
587	1.8152E+00	0.01138	0.6
588	1.7973E+00	0.01281	0.7
589	1.6621E+00	0.01839	1.1
590	1.7225E+00	0.01376	0.8
591	1.7882E+00	0.00956	0.5
592	1.7934E+00	0.00388	0.2
593	1.7833E+00	0.00885	0.5
594	1.7848E+00	0.00848	0.5
595	1.7688E+00	0.00852	0.5
596	1.7797E+00	0.00876	0.5
597	1.7870E+00	0.01113	0.6
598	1.7636E+00	0.00543	0.3
599	1.7579E+00	0.00660	0.4
600	1.7543E+00	0.00571	0.3
601	1.7415E+00	0.00786	0.5
602	1.7274E+00	0.00831	0.5
603	1.7368E+00	0.00732	0.4
604	1.7662E+00	0.01042	0.6
605	1.7633E+00	0.01124	0.6
606	1.7499E+00	0.00903	0.5
607	1.7502E+00	0.01017	0.6
608	1.7368E+00	0.01059	0.6
609	1.7251E+00	0.01058	0.6
610	1.7166E+00	0.00684	0.4
611	1.7164E+00	0.00828	0.5
612	1.7161E+00	0.01008	0.6
613	1.6957E+00	0.01156	0.7
614	1.6737E+00	0.01114	0.7
615	1.6979E+00	0.00990	0.6
616	1.6545E+00	0.00613	0.4
617	1.6439E+00	0.00990	0.6
618	1.6950E+00	0.01431	0.8
619	1.6893E+00	0.01555	0.9
620	1.6992E+00	0.01525	0.9
621	1.7036E+00	0.01344	0.8
622	1.6864E+00	0.01183	0.7
623	1.6710E+00	0.00933	0.6
624	1.6462E+00	0.01280	0.8
625	1.6352E+00	0.00572	0.3
626	1.6440E+00	0.00910	0.6
627	1.6774E+00	0.01374	0.8
628	1.6811E+00	0.01168	0.7
629	1.6780E+00	0.01199	0.7
630	1.6532E+00	0.00778	0.5
631	1.6486E+00	0.01527	0.9
632	1.6245E+00	0.01238	0.8
633	1.6523E+00	0.01070	0.6
634	1.6343E+00	0.00994	0.6
635	1.6462E+00	0.01090	0.7
636	1.6229E+00	0.01454	0.9
637	1.6423E+00	0.01072	0.6
638	1.6445E+00	0.01266	0.8
639	1.6394E+00	0.01238	0.8
640	1.6136E+00	0.01026	0.6
641	1.6052E+00	0.00643	0.4
642	1.6027E+00	0.00963	0.6
643	1.6141E+00	0.00689	0.4
644	1.6034E+00	0.01550	1.0
645	1.6102E+00	0.01232	0.8
646	1.5967E+00	0.01165	0.7
647	1.5923E+00	0.00835	0.5
648	1.5929E+00	0.01629	1.0
649	1.5718E+00	0.01754	1.1
650	1.5423E+00	0.02151	1.4
651	1.6032E+00	0.01088	0.7
652	1.5909E+00	0.01355	0.8
653	1.5847E+00	0.01370	0.9
654	1.5590E+00	0.01093	0.7
655	1.5243E+00	0.00841	0.5
656	1.3780E+00	0.05179	3.7
657	1.3779E+00	0.01025	0.7
658	1.5190E+00	0.01669	1.1
659	1.5422E+00	0.00324	0.2
660	1.5442E+00	0.01074	0.7
661	1.5539E+00	0.00787	0.5
662	1.5548E+00	0.00858	0.5
663	1.5393E+00	0.01080	0.7
664	1.5286E+00	0.01081	0.7
665	1.5349E+00	0.01020	0.7
666	1.5278E+00	0.01378	0.9
667	1.5241E+00	0.00999	0.7
668	1.5269E+00	0.00722	0.5
669	1.5408E+00	0.00858	0.6
670	1.5256E+00	0.01091	0.7
671	1.5202E+00	0.01240	0.8
672	1.5086E+00	0.01807	1.2
673	1.5205E+00	0.01491	1.0
674	1.5167E+00	0.01569	1.0
675	1.5033E+00	0.01567	1.0
676	1.5083E+00	0.01511	1.0
677	1.5015E+00	0.01115	0.7
678	1.5006E+00	0.01232	0.8
679	1.4916E+00	0.00515	0.3
680	1.4807E+00	0.01032	0.7
681	1.4852E+00	0.00555	0.4
682	1.4831E+00	0.00933	0.6
683	1.4774E+00	0.01112	0.7
684	1.4705E+00	0.00869	0.6
685	1.4571E+00	0.01480	1.0
686	1.4425E+00	0.01735	1.2
687	1.4718E+00	0.01322	0.9
688	1.4719E+00	0.01386	0.9
689	1.4705E+00	0.01448	1.0
690	1.4657E+00	0.01322	0.9
691	1.4562E+00	0.01605	1.1
692	1.4441E+00	0.00883	0.6
693	1.4476E+00	0.00766	0.5
694	1.4476E+00	0.01196	0.8
695	1.4435E+00	0.01872	1.3
696	1.4450E+00	0.02174	1.5
697	1.4435E+00	0.02313	1.6
698	1.4210E+00	0.01791	1.3
699	1.4371E+00	0.01925	1.3
700	1.4117E+00	0.01924	1.4
701	1.3857E+00	0.00913	0.7
702	1.3872E+00	0.01297	0.9
703	1.3926E+00	0.01699	1.2
704	1.4086E+00	0.01711	1.2
705	1.4185E+00	0.01902	1.3
706	1.4092E+00	0.01956	1.4
707	1.3931E+00	0.01298	0.9
708	1.4007E+00	0.01633	1.2
709	1.3847E+00	0.01477	1.1
710	1.3924E+00	0.01454	1.0
711	1.3875E+00	0.01103	0.8
712	1.3800E+00	0.01140	0.8
713	1.3723E+00	0.00983	0.7
714	1.3753E+00	0.00988	0.7
715	1.3560E+00	0.00787	0.6
716	1.3590E+00	0.00751	0.5
717	1.3467E+00	0.01602	1.2
718	1.3429E+00	0.01542	1.1
719	1.3279E+00	0.00971	0.7
720	1.3473E+00	0.01799	1.3
721	1.3370E+00	0.01320	1.0
722	1.3413E+00	0.00854	0.6
723	1.3505E+00	0.01005	0.7
724	1.3498E+00	0.00569	0.4
725	1.3430E+00	0.00201	0.1
726	1.3426E+00	0.00322	0.2
727	1.3464E+00	0.00545	0.4
728	1.3211E+00	0.00890	0.7
729	1.3054E+00	0.00956	0.7
730	1.3231E+00	0.00808	0.6
731	1.3182E+00	0.00693	0.5
732	1.3205E+00	0.00773	0.6
733	1.3139E+00	0.00758	0.6
734	1.3218E+00	0.01175	0.9
735	1.3105E+00	0.00779	0.6
736	1.3039E+00	0.00476	0.4
737	1.3066E+00	0.00662	0.5
738	1.2958E+00	0.00784	0.6
739	1.2729E+00	0.00529	0.4
740	1.2760E+00	0.01135	0.9
741	1.2599E+00	0.00863	0.7
742	1.2640E+00	0.00736	0.6
743	1.2855E+00	0.00533	0.4
744	1.2839E+00	0.00882	0.7
745	1.2749E+00	0.00945	0.7
746	1.2858E+00	0.00953	0.7
747	1.2864E+00	0.00813	0.6
748	1.2801E+00	0.01028	0.8
749	1.2716E+00	0.00758	0.6
750	1.2628E+00	0.00881	0.7
751	1.2588E+00	0.00587	0.5
752	1.2614E+00	0.00851	0.7
753	1.2564E+00	0.00890	0.7
754	1.2646E+00	0.01163	0.9
755	1.2597E+00	0.00552	0.4
756	1.2523E+00	0.00944	0.7
757	1.2493E+00	0.00810	0.6
758	1.2474E+00	0.00954	0.8
759	1.2401E+00	0.00850	0.7
760	1.2418E+00	0.00859	0.7
761	1.2364E+00	0.00422	0.3
762	1.2265E+00	0.00853	0.7
763	1.2401E+00	0.00635	0.5
764	1.2357E+00	0.01069	0.9
765	1.2266E+00	0.01058	0.9
766	1.1905E+00	0.00839	0.7
767	1.1920E+00	0.01195	1.0
768	1.2138E+00	0.01505	1.2
769	1.2077E+00	0.00865	0.7
770	1.2021E+00	0.00553	0.5
771	1.2020E+00	0.00423	0.3
772	1.1987E+00	0.00412	0.3
773	1.2008E+00	0.00750	0.6
774	1.1985E+00	0.00660	0.5
775	1.1778E+00	0.00669	0.6
776	1.1955E+00	0.00824	0.7
777	1.1920E+00	0.00249	0.2
778	1.1814E+00	0.00609	0.5
779	1.1822E+00	0.00170	0.1
780	1.1785E+00	0.00391	0.3
781	1.1797E+00	0.00386	0.3
782	1.1811E+00	0.00604	0.5
783	1.1691E+00	0.00422	0.4
784	1.1685E+00	0.00429	0.4
785	1.1716E+00	0.00653	0.6
786	1.1668E+00	0.00572	0.5
787	1.1709E+00	0.00545	0.5
788	1.1676E+00	0.00232	0.2
789	1.1695E+00	0.00201	0.2
790	1.1640E+00	0.00571	0.5
791	1.1534E+00	0.00648	0.6
792	1.1420E+00	0.00297	0.3
793	1.1338E+00	0.00657	0.6
794	1.1209E+00	0.00908	0.8
795	1.1267E+00	0.00436	0.4
796	1.1406E+00	0.00420	0.4
797	1.1443E+00	0.00287	0.2
798	1.1418E+00	0.00372	0.3
799	1.1347E+00	0.00525	0.5
800	1.1232E+00	0.00554	0.5
801	1.1341E+00	0.00269	0.2
802	1.1312E+00	0.00337	0.3
803	1.1214E+00	0.00416	0.4
804	1.1197E+00	0.00754	0.7
805	1.1055E+00	0.00537	0.5
806	1.1188E+00	0.00715	0.6
807	1.1148E+00	0.00574	0.5
808	1.1080E+00	0.00600	0.5
809	1.0983E+00	0.00758	0.7
810	1.0999E+00	0.00582	0.5
811	1.1044E+00	0.00601	0.5
812	1.1044E+00	0.00722	0.6
813	1.1045E+00	0.00727	0.6
814	1.1006E+00	0.00564	0.5
815	1.0962E+00	0.00637	0.6
816	1.0936E+00	0.00606	0.5
817	1.0899E+00	0.00453	0.4
818	1.0774E+00	0.00659	0.6
819	1.0660E+00	0.00622	0.6
820	1.0625E+00	0.00657	0.6
821	1.0647E+00	0.00726	0.7
822	1.0602E+00	0.00677	0.6
823	1.0696E+00	0.00662	0.6
824	1.0710E+00	0.00578	0.5
825	1.0674E+00	0.00460	0.4
826	1.0697E+00	0.00465	0.4
827	1.0742E+00	0.00426	0.4
828	1.0697E+00	0.00362	0.3
829	1.0594E+00	0.00414	0.4
830	1.0579E+00	0.00921	0.9
831	1.0504E+00	0.01142	1.1
832	1.0497E+00	0.00931	0.9
833	1.0277E+00	0.00650	0.6
834	1.0335E+00	0.00349	0.3
835	1.0418E+00	0.00550	0.5
836	1.0479E+00	0.00544	0.5
837	1.0435E+00	0.00537	0.5
838	1.0379E+00	0.00680	0.7
839	1.0261E+00	0.01018	1.0
840	1.0383E+00	0.00564	0.5
841	1.0388E+00	0.00390	0.4
842	1.0237E+00	0.00424	0.4
843	1.0193E+00	0.00609	0.6
844	1.0143E+00	0.00869	0.9
845	1.0258E+00	0.00661	0.6
846	1.0262E+00	0.00559	0.5
847	1.0102E+00	0.00858	0.8
848	1.0060E+00	0.01146	1.1
849	9.7767E-01	0.01289	1.3
850	9.3813E-01	0.02323	2.5
851	9.8998E-01	0.00801	0.8
852	9.8057E-01	0.00819	0.8
853	9.6334E-01	0.01081	1.1
854	8.3742E-01	0.04068	4.7
855	8.7117E-01	0.02339	2.6
856	9.7659E-01	0.00978	1.0
857	9.9209E-01	0.00973	1.0
858	9.9121E-01	0.00866	0.9
859	9.8787E-01	0.00508	0.5
860	9.8422E-01	0.00749	0.8
861	9.8529E-01	0.00654	0.7
862	9.8876E-01	0.01033	1.0
863	9.8552E-01	0.01173	1.2
864	9.7768E-01	0.01209	1.2
865	9.6484E-01	0.00660	0.7
866	8.8764E-01	0.02350	2.6
867	9.0537E-01	0.02565	2.8
868	9.4887E-01	0.01740	1.8
869	9.5789E-01	0.00607	0.6
870	9.6829E-01	0.01446	1.5
871	9.6698E-01	0.01451	1.5
872	9.5973E-01	0.01343	1.4
873	9.6563E-01	0.01551	1.6
874	9.5538E-01	0.00946	1.0
875	9.3907E-01	0.00735	0.8
876	9.4423E-01	0.01009	1.1
877	9.5128E-01	0.01177	1.2
878	9.6433E-01	0.01073	1.1
879	9.5057E-01	0.01034	1.1
880	9.4201E-01	0.01082	1.1
881	9.2197E-01	0.00381	0.4
882	9.3997E-01	0.01010	1.1
883	9.4158E-01	0.00927	1.0
884	9.3964E-01	0.00932	1.0
885	9.4291E-01	0.00894	0.9
886	9.1356E-01	0.00534	0.6
887	9.1418E-01	0.00418	0.5
888	9.3137E-01	0.00931	1.0
889	9.3244E-01	0.00964	1.0
890	9.3372E-01	0.00814	0.9
891	9.3271E-01	0.00778	0.8
892	9.2297E-01	0.00640	0.7
893	9.0870E-01	0.00624	0.7
894	9.1790E-01	0.00772	0.8
895	9.0710E-01	0.00649	0.7
896	9.2381E-01	0.00559	0.6
897	9.0961E-01	0.00639	0.7
898	9.1158E-01	0.00431	0.5
899	9.0739E-01	0.00944	1.0
900	8.8985E-01	0.00571	0.6
901	8.7880E-01	0.00659	0.7
902	8.7258E-01	0.00935	1.1
903	8.9687E-01	0.00541	0.6
904	9.0421E-01	0.00974	1.1
905	8.9687E-01	0.00535	0.6
906	8.8216E-01	0.00783	0.9
907	8.8437E-01	0.00741	0.8
908	8.7428E-01	0.00516	0.6
909	8.6427E-01	0.00597	0.7
910	8.7222E-01	0.00515	0.6
911	8.7338E-01	0.00578	0.7
912	8.7088E-01	0.00448	0.5
913	8.8238E-01	0.00804	0.9
914	8.7658E-01	0.00835	0.9
915	8.6954E-01	0.00564	0.6
916	8.7149E-01	0.00451	0.5
917	8.6658E-01	0.00661	0.8
918	8.6663E-01	0.00714	0.8
919	8.6637E-01	0.01004	1.2
920	8.5966E-01	0.00675	0.8
921	8.4215E-01	0.00590	0.7
922	8.3765E-01	0.00498	0.6
923	8.2756E-01	0.00872	1.0
924	8.3888E-01	0.00428	0.5
925	8.3889E-01	0.00387	0.5
926	8.3283E-01	0.00615	0.7
927	8.5004E-01	0.00690	0.8
928	8.5448E-01	0.00704	0.8
929	8.4394E-01	0.00779	0.9
930	8.4513E-01	0.00785	0.9
931	8.4576E-01	0.00740	0.9
932	8.4086E-01	0.00688	0.8
933	8.4509E-01	0.00609	0.7
934	8.4443E-01	0.00755	0.9
935	8.3429E-01	0.00724	0.9
936	8.2852E-01	0.00673	0.8
937	8.3481E-01	0.00575	0.7
938	8.3105E-01	0.00893	1.1
939	8.2599E-01	0.00823	1.0
940	8.1856E-01	0.00575	0.7
941	8.0358E-01	0.00761	0.9
942	8.0350E-01	0.00546	0.7
943	8.1324E-01	0.00646	0.8
944	8.0931E-01	0.00431	0.5
945	8.1296E-01	0.00583	0.7
946	8.1591E-01	0.00632	0.8
947	8.1331E-01	0.00905	1.1
948	8.1450E-01	0.00983	1.2
949	8.1481E-01	0.00867	1.1
950	8.1176E-01	0.00812	1.0
951	8.0907E-01	0.00791	1.0
952	8.0736E-01	0.00747	0.9
953	8.0145E-01	0.00722	0.9
954	7.8527E-01	0.00528	0.7
955	7.7339E-01	0.00871	1.1
956	7.9470E-01	0.00574	0.7
957	7.9329E-01	0.00517	0.6
958	7.9686E-01	0.00632	0.8
959	7.9814E-01	0.00757	0.9
960	7.8965E-01	0.00572	0.7
961	7.8862E-01	0.00635	0.8
962	7.8619E-01	0.00460	0.6
963	7.8310E-01	0.00508	0.6
964	7.8199E-01	0.00392	0.5
965	7.8007E-01	0.00415	0.5
966	7.7514E-01	0.00296	0.4
967	7.8016E-01	0.00369	0.5
968	7.7815E-01	0.00475	0.6
969	7.7764E-01	0.00461	0.6
970	7.7633E-01	0.00410	0.5
971	7.7295E-01	0.00371	0.5
972	7.7508E-01	0.00425	0.5
973	7.7186E-01	0.00321	0.4
974	7.6446E-01	0.00391	0.5
975	7.6649E-01	0.00266	0.3
976	7.6611E-01	0.00173	0.2
977	7.6248E-01	0.00392	0.5
978	7.6356E-01	0.00532	0.7
979	7.5757E-01	0.00209	0.3
980	7.5916E-01	0.00307	0.4
981	7.6194E-01	0.00374	0.5
982	7.5982E-01	0.00414	0.5
983	7.5761E-01	0.00347	0.5
984	7.5329E-01	0.00386	0.5
985	7.5560E-01	0.00297	0.4
986	7.5089E-01	0.00369	0.5
987	7.4801E-01	0.00350	0.5
988	7.4894E-01	0.00269	0.4
989	7.4060E-01	0.00348	0.5
990	7.4308E-01	0.00365	0.5
991	7.4346E-01	0.00390	0.5
992	7.4236E-01	0.00352	0.5
993	7.4116E-01	0.00344	0.5
994	7.4054E-01	0.00325	0.4
995	7.3757E-01	0.00334	0.4
996	7.3689E-01	0.00359	0.5
997	7.3751E-01	0.00402	0.5
998	7.3543E-01	0.00379	0.5
999	7.3118E-01	0.00302	0.4
1000	7.3018E-01	0.00299	0.4
1001	7.3322E-01	0.00223	0.3
1002	7.2979E-01	0.00292	0.4
1003	7.2192E-01	0.00245	0.3
1004	7.1466E-01	0.00521	0.7
1005	6.8425E-01	0.01218	1.8
1006	7.0476E-01	0.00482	0.7
1007	7.1676E-01	0.00184	0.3
1008	7.1868E-01	0.00274	0.4
1009	7.1725E-01	0.00317	0.4
1010	7.1763E-01	0.00375	0.5
1011	7.1497E-01	0.00338	0.5
1012	7.1375E-01	0.00363	0.5
1013	7.1302E-01	0.00404	0.6
1014	7.1071E-01	0.00270	0.4
1015	7.0585E-01	0.00295	0.4
1016	7.0508E-01	0.00347	0.5
1017	7.0351E-01	0.00310	0.4
1018	7.0270E-01	0.00218	0.3
1019	6.9617E-01	0.00512	0.7
1020	6.9789E-01	0.00264	0.4
1021	6.9750E-01	0.00181	0.3
1022	6.9420E-01	0.00458	0.7
1023	6.9843E-01	0.00178	0.3
1024	6.9773E-01	0.00250	0.4
1025	6.9654E-01	0.00221	0.3
1026	6.9550E-01	0.00149	0.2
1027	6.9377E-01	0.00216	0.3
1028	6.9328E-01	0.00169	0.2
1029	6.8813E-01	0.00306	0.4
1030	6.8768E-01	0.00096	0.1
1031	6.8660E-01	0.00091	0.1
1032	6.8523E-01	0.00092	0.1
1033	6.7797E-01	0.00480	0.7
1034	6.7680E-01	0.00229	0.3
1035	6.7611E-01	0.00261	0.4
1036	6.7933E-01	0.00113	0.2
1037	6.7275E-01	0.00300	0.4
1038	6.7055E-01	0.00247	0.4
1039	6.7388E-01	0.00206	0.3
1040	6.6968E-01	0.00268	0.4
1041	6.7223E-01	0.00113	0.2
1042	6.6928E-01	0.00186	0.3
1043	6.6652E-01	0.00216	0.3
1044	6.6805E-01	0.00106	0.2
1045	6.6356E-01	0.00258	0.4
1046	6.5377E-01	0.00346	0.5
1047	6.5855E-01	0.00171	0.3
1048	6.6229E-01	0.00183	0.3
1049	6.6140E-01	0.00112	0.2
1050	6.5837E-01	0.00149	0.2
1051	6.5805E-01	0.00117	0.2
1052	6.5530E-01	0.00162	0.2
1053	6.5254E-01	0.00145	0.2
1054	6.5142E-01	0.00195	0.3
1055	6.5280E-01	0.00140	0.2
1056	6.5160E-01	0.00158	0.2
1057	6.5054E-01	0.00278	0.4
1058	6.4313E-01	0.00325	0.5
1059	6.3701E-01	0.00326	0.5
1060	6.4118E-01	0.00309	0.5
1061	6.3753E-01	0.00208	0.3
1062	6.4223E-01	0.00197	0.3
1063	6.3781E-01	0.00261	0.4
1064	6.4249E-01	0.00250	0.4
1065	6.4116E-01	0.00296	0.5
1066	6.3181E-01	0.00274	0.4
1067	6.3224E-01	0.00110	0.2
1068	6.2765E-01	0.00390	0.6
1069	6.0938E-01	0.00782	1.3
1070	6.2121E-01	0.00244	0.4
1071	6.2771E-01	0.00364	0.6
1072	6.2764E-01	0.00346	0.5
1073	6.1802E-01	0.00326	0.5
1074	6.2561E-01	0.00287	0.5
1075	6.1715E-01	0.00389	0.6
1076	6.2214E-01	0.00353	0.6
1077	6.2393E-01	0.00483	0.8
1078	6.1809E-01	0.00485	0.8
1079	6.1301E-01	0.00305	0.5
1080	6.2045E-01	0.00422	0.7
1081	6.0837E-01	0.00398	0.6
1082	6.0190E-01	0.00411	0.7
1083	6.0235E-01	0.00622	1.0
1084	6.1111E-01	0.00388	0.6
1085	6.1253E-01	0.00544	0.9
1086	6.1115E-01	0.00505	0.8
1087	5.9556E-01	0.00318	0.5
1088	6.0277E-01	0.00329	0.5
1089	6.0129E-01	0.00470	0.8
1090	6.0456E-01	0.00531	0.9
1091	6.0591E-01	0.00507	0.8
1092	5.9859E-01	0.00452	0.7
1093	5.8996E-01	0.00860	1.4
1094	5.6286E-01	0.01062	1.9
1095	5.8303E-01	0.00544	0.9
1096	5.8387E-01	0.00554	0.9
1097	5.8548E-01	0.00606	1.0
1098	5.7764E-01	0.00573	1.0
1099	5.9005E-01	0.00288	0.5
1100	5.9128E-01	0.00381	0.6
1101	5.8776E-01	0.00444	0.8
1102	5.7838E-01	0.00408	0.7
1103	5.8765E-01	0.00396	0.7
1104	5.8724E-01	0.00447	0.8
1105	5.8491E-01	0.00421	0.7
1106	5.8470E-01	0.00441	0.7
1107	5.8410E-01	0.00272	0.5
1108	5.8278E-01	0.00439	0.7
1109	5.8302E-01	0.00392	0.7
1110	5.8162E-01	0.00427	0.7
1111	5.7864E-01	0.00418	0.7
1112	5.7696E-01	0.00371	0.6
1113	5.7563E-01	0.00377	0.7
1114	5.7764E-01	0.00391	0.7
1115	5.7431E-01	0.00318	0.5
1116	5.7447E-01	0.00288	0.5
1117	5.7539E-01	0.00354	0.6
1118	5.7257E-01	0.00345	0.6
1119	5.6833E-01	0.00252	0.4
1120	5.6771E-01	0.00411	0.7
1121	5.6696E-01	0.00379	0.7
1122	5.6820E-01	0.00338	0.6
1123	5.6747E-01	0.00355	0.6
1124	5.6551E-01	0.00297	0.5
1125	5.5385E-01	0.00422	0.8
1126	5.5577E-01	0.00361	0.6
1127	5.6009E-01	0.00341	0.6
1128	5.6033E-01	0.00258	0.5
1129	5.5596E-01	0.00465	0.8
1130	5.5380E-01	0.00373	0.7
1131	5.5621E-01	0.00350	0.6
1132	5.5544E-01	0.00260	0.5
1133	5.5026E-01	0.00530	1.0
1134	5.5295E-01	0.00353	0.6
1135	5.5454E-01	0.00318	0.6
1136	5.5299E-01	0.00383	0.7
1137	5.4994E-01	0.00239	0.4
1138	5.4404E-01	0.00338	0.6
1139	5.4280E-01	0.00437	0.8
1140	5.4041E-01	0.00335	0.6
1141	5.3717E-01	0.00371	0.7
1142	5.4308E-01	0.00381	0.7
1143	5.4212E-01	0.00443	0.8
1144	5.3905E-01	0.00399	0.7
1145	5.4283E-01	0.00323	0.6
1146	5.4293E-01	0.00348	0.6
1147	5.4245E-01	0.00349	0.6
1148	5.3975E-01	0.00315	0.6
1149	5.3837E-01	0.00315	0.6
1150	5.3801E-01	0.00275	0.5
1151	5.3753E-01	0.00245	0.5
1152	5.3535E-01	0.00347	0.6
1153	5.3416E-01	0.00337	0.6
1154	5.3502E-01	0.00349	0.6
1155	5.3382E-01	0.00299	0.6
1156	5.3199E-01	0.00379	0.7
1157	5.3177E-01	0.00291	0.5
1158	5.3025E-01	0.00426	0.8
1159	5.2272E-01	0.00439	0.8
1160	5.2134E-01	0.00361	0.7
1161	5.1456E-01	0.00521	1.0
1162	5.2197E-01	0.00453	0.9
1163	5.2529E-01	0.00383	0.7
1164	5.1720E-01	0.00463	0.9
1165	5.2054E-01	0.00310	0.6
1166	5.1738E-01	0.00346	0.7
1167	5.1789E-01	0.00394	0.8
1168	5.2055E-01	0.00186	0.4
1169	5.1255E-01	0.00375	0.7
1170	5.1630E-01	0.00369	0.7
1171	5.1897E-01	0.00391	0.7
1172	5.1790E-01	0.00395	0.8
1173	5.1618E-01	0.00396	0.8
1174	5.1385E-01	0.00314	0.6
1175	5.0654E-01	0.00366	0.7
1176	5.0851E-01	0.00270	0.5
1177	5.1036E-01	0.00411	0.8
1178	5.0576E-01	0.00363	0.7
1179	5.0891E-01	0.00387	0.8
1180	5.1007E-01	0.00477	0.9
1181	5.0726E-01	0.00408	0.8
1182	5.0452E-01	0.00370	0.7
1183	4.9189E-01	0.00306	0.6
1184	5.0068E-01	0.00412	0.8
1185	5.0433E-01	0.00459	0.9
1186	5.0270E-01	0.00461	0.9
1187	5.0462E-01	0.00508	1.0
1188	4.9450E-01	0.00462	0.9
1189	4.8898E-01	0.00627	1.3
1190	4.9639E-01	0.00466	0.9
1191	5.0049E-01	0.00489	1.0
1192	4.9861E-01	0.00476	0.9
1193	4.9758E-01	0.00446	0.9
1194	4.9735E-01	0.00450	0.9
1195	4.9282E-01	0.00406	0.8
1196	4.9149E-01	0.00428	0.9
1197	4.8732E-01	0.00458	0.9
1198	4.7823E-01	0.00354	0.7
1199	4.7297E-01	0.00496	1.0
1200	4.8711E-01	0.00413	0.8
1201	4.9120E-01	0.00367	0.7
1202	4.8894E-01	0.00467	0.9
1203	4.7733E-01	0.00659	1.4
1204	4.7637E-01	0.00609	1.3
1205	4.8562E-01	0.00394	0.8
1206	4.8532E-01	0.00402	0.8
1207	4.8618E-01	0.00483	1.0
1208	4.7442E-01	0.00825	1.7
1209	4.6692E-01	0.00566	1.2
1210	4.7706E-01	0.00688	1.4
1211	4.7440E-01	0.00642	1.3
1212	4.7958E-01	0.00409	0.8
1213	4.7992E-01	0.00417	0.9
1214	4.7901E-01	0.00353	0.7
1215	4.7994E-01	0.00451	0.9
1216	4.7896E-01	0.00380	0.8
1217	4.7784E-01	0.00366	0.8
1218	4.7661E-01	0.00353	0.7
1219	4.7449E-01	0.00337	0.7
1220	4.7494E-01	0.00349	0.7
1221	4.7405E-01	0.00357	0.7
1222	4.7202E-01	0.00369	0.8
1223	4.7102E-01	0.00359	0.8
1224	4.7092E-01	0.00371	0.8
1225	4.6966E-01	0.00363	0.8
1226	4.6963E-01	0.00302	0.6
1227	4.6392E-01	0.00579	1.2
1228	4.6629E-01	0.00449	1.0
1229	4.6821E-01	0.00414	0.9
1230	4.6510E-01	0.00353	0.8
1231	4.6465E-01	0.00310	0.7
1232	4.6249E-01	0.00349	0.7
1233	4.6369E-01	0.00261	0.6
1234	4.6258E-01	0.00270	0.6
1235	4.6020E-01	0.00295	0.6
1236	4.6044E-01	0.00329	0.7
1237	4.6146E-01	0.00219	0.5
1238	4.6139E-01	0.00232	0.5
1239	4.5692E-01	0.00321	0.7
1240	4.5520E-01	0.00474	1.0
1241	4.5732E-01	0.00340	0.7
1242	4.5572E-01	0.00329	0.7
1243	4.5167E-01	0.00459	1.0
1244	4.5306E-01	0.00461	1.0
1245	4.5564E-01	0.00272	0.6
1246	4.5142E-01	0.00308	0.7
1247	4.5121E-01	0.00344	0.8
1248	4.5133E-01	0.00317	0.7
1249	4.5120E-01	0.00364	0.8
1250	4.5052E-01	0.00275	0.6
1251	4.4773E-01	0.00303	0.7
1252	4.4513E-01	0.00292	0.7
1253	4.4466E-01	0.00335	0.7
1254	4.4513E-01	0.00344	0.8
1255	4.4428E-01	0.00359	0.8
1256	4.4430E-01	0.00283	0.6
1257	4.4154E-01	0.00371	0.8
1258	4.4157E-01	0.00377	0.8
1259	4.4116E-01	0.00394	0.9
1260	4.4181E-01	0.00404	0.9
1261	4.4033E-01	0.00405	0.9
1262	4.3751E-01	0.00431	1.0
1263	4.4078E-01	0.00433	1.0
1264	4.3636E-01	0.00416	0.9
1265	4.3598E-01	0.00416	0.9
1266	4.3707E-01	0.00441	1.0
1267	4.3305E-01	0.00485	1.1
1268	4.3098E-01	0.00426	1.0
1269	4.3207E-01	0.00386	0.9
1270	4.3300E-01	0.00304	0.7
1271	4.3351E-01	0.00396	0.9
1272	4.3296E-01	0.00417	1.0
1273	4.3130E-01	0.00427	1.0
1274	4.3011E-01	0.00395	0.9
1275	4.3037E-01	0.00451	1.0
1276	4.3060E-01	0.00455	1.1
1277	4.2979E-01	0.00437	1.0
1278	4.2762E-01	0.00480	1.1
1279	4.2569E-01	0.00423	1.0
1280	4.2220E-01	0.00466	1.1
1281	4.0781E-01	0.00560	1.4
1282	3.8384E-01	0.01161	3.0
1283	4.0280E-01	0.00588	1.5
1284	4.1832E-01	0.00507	1.2
1285	4.2069E-01	0.00455	1.1
1286	4.2139E-01	0.00478	1.1
1287	4.2229E-01	0.00418	1.0
1288	4.1976E-01	0.00472	1.1
1289	4.2176E-01	0.00452	1.1
1290	4.1763E-01	0.00432	1.0
1291	4.1820E-01	0.00426	1.0
1292	4.1799E-01	0.00427	1.0
1293	4.1848E-01	0.00387	0.9
1294	4.1651E-01	0.00331	0.8
1295	4.1653E-01	0.00358	0.9
1296	4.1607E-01	0.00380	0.9
1297	4.1485E-01	0.00366	0.9
1298	4.1250E-01	0.00381	0.9
1299	4.1440E-01	0.00301	0.7
1300	4.1308E-01	0.00366	0.9
1301	4.1170E-01	0.00337	0.8
1302	4.0954E-01	0.00359	0.9
1303	4.0829E-01	0.00434	1.1
1304	4.0781E-01	0.00368	0.9
1305	4.0889E-01	0.00329	0.8
1306	4.1002E-01	0.00246	0.6
1307	4.0725E-01	0.00361	0.9
1308	4.0636E-01	0.00348	0.9
1309	4.0702E-01	0.00300	0.7
1310	4.0546E-01	0.00397	1.0
1311	4.0437E-01	0.00315	0.8
1312	3.9783E-01	0.00577	1.4
1313	3.9511E-01	0.00330	0.8
1314	4.0331E-01	0.00211	0.5
1315	3.9270E-01	0.00469	1.2
1316	3.9234E-01	0.00429	1.1
1317	3.9961E-01	0.00299	0.7
1318	3.9758E-01	0.00356	0.9
1319	3.9953E-01	0.00228	0.6
1320	3.9821E-01	0.00299	0.7
1321	3.9628E-01	0.00344	0.9
1322	3.9580E-01	0.00343	0.9
1323	3.9542E-01	0.00292	0.7
1324	3.9590E-01	0.00245	0.6
1325	3.9436E-01	0.00316	0.8
1326	3.9337E-01	0.00328	0.8
1327	3.9125E-01	0.00394	1.0
1328	3.9138E-01	0.00288	0.7
1329	3.8424E-01	0.00429	1.1
1330	3.8710E-01	0.00349	0.9
1331	3.8919E-01	0.00377	1.0
1332	3.8387E-01	0.00456	1.2
1333	3.8758E-01	0.00398	1.0
1334	3.8914E-01	0.00263	0.7
1335	3.8742E-01	0.00302	0.8
1336	3.8625E-01	0.00345	0.9
1337	3.8592E-01	0.00361	0.9
1338	3.8354E-01	0.00356	0.9
1339	3.7935E-01	0.00331	0.9
1340	3.7877E-01	0.00425	1.1
1341	3.8208E-01	0.00409	1.1
1342	3.8165E-01	0.00380	1.0
1343	3.8143E-01	0.00375	1.0
1344	3.8148E-01	0.00373	1.0
1345	3.8035E-01	0.00342	0.9
1346	3.7841E-01	0.00386	1.0
1347	3.7876E-01	0.00367	1.0
1348	3.7865E-01	0.00358	0.9
1349	3.7704E-01	0.00415	1.1
1350	3.7284E-01	0.00378	1.0
1351	3.7466E-01	0.00424	1.1
1352	3.7625E-01	0.00350	0.9
1353	3.7545E-01	0.00362	1.0
1354	3.7428E-01	0.00382	1.0
1355	3.6881E-01	0.00266	0.7
1356	3.6801E-01	0.00445	1.2
1357	3.6614E-01	0.00270	0.7
1358	3.7101E-01	0.00378	1.0
1359	3.7039E-01	0.00447	1.2
1360	3.6557E-01	0.00269	0.7
1361	3.6961E-01	0.00375	1.0
1362	3.6991E-01	0.00324	0.9
1363	3.6370E-01	0.00240	0.7
1364	3.6674E-01	0.00423	1.1
1365	3.6706E-01	0.00393	1.1
1366	3.6678E-01	0.00369	1.0
1367	3.6357E-01	0.00325	0.9
1368	3.6317E-01	0.00370	1.0
1369	3.5927E-01	0.00228	0.6
1370	3.5882E-01	0.00237	0.7
1371	3.5916E-01	0.00215	0.6
1372	3.6275E-01	0.00329	0.9
1373	3.6291E-01	0.00335	0.9
1374	3.6173E-01	0.00346	1.0
1375	3.5699E-01	0.00223	0.6
1376	3.5433E-01	0.00228	0.6
1377	3.5766E-01	0.00386	1.1
1378	3.5869E-01	0.00354	1.0
1379	3.6063E-01	0.00274	0.8
1380	3.5841E-01	0.00337	0.9
1381	3.5782E-01	0.00369	1.0
1382	3.5433E-01	0.00388	1.1
1383	3.5569E-01	0.00373	1.0
1384	3.5627E-01	0.00319	0.9
1385	3.5465E-01	0.00369	1.0
1386	3.5514E-01	0.00358	1.0
1387	3.5373E-01	0.00390	1.1
1388	3.5425E-01	0.00294	0.8
1389	3.5348E-01	0.00313	0.9
1390	3.4988E-01	0.00324	0.9
1391	3.5231E-01	0.00324	0.9
1392	3.5306E-01	0.00277	0.8
1393	3.5135E-01	0.00333	0.9
1394	3.4922E-01	0.00309	0.9
1395	3.4856E-01	0.00315	0.9
1396	3.4939E-01	0.00289	0.8
1397	3.4975E-01	0.00256	0.7
1398	3.4929E-01	0.00247	0.7
1399	3.4708E-01	0.00306	0.9
1400	3.4125E-01	0.00365	1.1
1401	3.4205E-01	0.00342	1.0
1402	3.4479E-01	0.00341	1.0
1403	3.4323E-01	0.00386	1.1
1404	3.4291E-01	0.00394	1.1
1405	3.4234E-01	0.00335	1.0
1406	3.4257E-01	0.00307	0.9
1407	3.4197E-01	0.00301	0.9
1408	3.4236E-01	0.00270	0.8
1409	3.4257E-01	0.00249	0.7
1410	3.4164E-01	0.00228	0.7
1411	3.3677E-01	0.00301	0.9
1412	3.3103E-01	0.00290	0.9
1413	3.3487E-01	0.00380	1.1
1414	3.3783E-01	0.00316	0.9
1415	3.3835E-01	0.00286	0.8
1416	3.3766E-01	0.00244	0.7
1417	3.3755E-01	0.00238	0.7
1418	3.3757E-01	0.00222	0.7
1419	3.3504E-01	0.00311	0.9
1420	3.3398E-01	0.00358	1.1
1421	3.3355E-01	0.00302	0.9
1422	3.2841E-01	0.00436	1.3
1423	3.2967E-01	0.00455	1.4
1424	3.2978E-01	0.00426	1.3
1425	3.3044E-01	0.00388	1.2
1426	3.2409E-01	0.00477	1.5
1427	3.2592E-01	0.00414	1.3
1428	3.2876E-01	0.00344	1.0
1429	3.2273E-01	0.00297	0.9
1430	3.2296E-01	0.00279	0.9
1431	3.2653E-01	0.00425	1.3
1432	3.2931E-01	0.00256	0.8
1433	3.2908E-01	0.00240	0.7
1434	3.2621E-01	0.00350	1.1
1435	3.2772E-01	0.00258	0.8
1436	3.2731E-01	0.00264	0.8
1437	3.2665E-01	0.00186	0.6
1438	3.2730E-01	0.00099	0.3
1439	3.2590E-01	0.00266	0.8
1440	3.1455E-01	0.00460	1.5
1441	3.1486E-01	0.00368	1.2
1442	3.1766E-01	0.00415	1.3
1443	3.1715E-01	0.00418	1.3
1444	3.1870E-01	0.00467	1.5
1445	3.1971E-01	0.00410	1.3
1446	3.2091E-01	0.00307	1.0
1447	3.1920E-01	0.00383	1.2
1448	3.2081E-01	0.00242	0.7
1449	3.2035E-01	0.00247	0.8
1450	3.1752E-01	0.00366	1.1
1451	3.1275E-01	0.00479	1.5
1452	3.1461E-01	0.00495	1.6
1453	3.1608E-01	0.00322	1.0
1454	3.1241E-01	0.00363	1.2
1455	3.1144E-01	0.00380	1.2
1456	3.1121E-01	0.00407	1.3
1457	3.1378E-01	0.00373	1.2
1458	3.1607E-01	0.00259	0.8
1459	3.1514E-01	0.00148	0.5
1460	3.1417E-01	0.00250	0.8
1461	3.1339E-01	0.00266	0.8
1462	3.1088E-01	0.00381	1.2
1463	3.0961E-01	0.00419	1.3
1464	3.0938E-01	0.00372	1.2
1465	3.1081E-01	0.00282	0.9
1466	3.0857E-01	0.00410	1.3
1467	3.1125E-01	0.00233	0.7
1468	3.0863E-01	0.00353	1.1
1469	3.0942E-01	0.00166	0.5
1470	3.0846E-01	0.00280	0.9
1471	3.0542E-01	0.00387	1.3
1472	3.0556E-01	0.00365	1.2
1473	3.0277E-01	0.00384	1.3
1474	2.9840E-01	0.00289	1.0
1475	3.0138E-01	0.00353	1.2
1476	3.0311E-01	0.00350	1.1
1477	3.0196E-01	0.00426	1.4
1478	3.0213E-01	0.00386	1.3
1479	3.0393E-01	0.00277	0.9
1480	3.0437E-01	0.00233	0.8
1481	3.0173E-01	0.00304	1.0
1482	3.0301E-01	0.00199	0.7
1483	3.0008E-01	0.00370	1.2
1484	3.0134E-01	0.00289	1.0
1485	3.0289E-01	0.00192	0.6
1486	3.0209E-01	0.00120	0.4
1487	2.9425E-01	0.00401	1.4
1488	2.7904E-01	0.00395	1.4
1489	2.9295E-01	0.00628	2.1
1490	3.0105E-01	0.00099	0.3
1491	2.9941E-01	0.00157	0.5
1492	2.9949E-01	0.00048	0.2
1493	2.9969E-01	0.00166	0.5
1494	2.9929E-01	0.00181	0.6
1495	2.9759E-01	0.00176	0.6
1496	2.9261E-01	0.00437	1.5
1497	2.9630E-01	0.00152	0.5
1498	2.9679E-01	0.00190	0.6
1499	2.9698E-01	0.00123	0.4
1500	2.9720E-01	0.00221	0.7
1501	2.9608E-01	0.00089	0.3
1502	2.8954E-01	0.00513	1.8
1503	2.7720E-01	0.00540	1.9
1504	2.7790E-01	0.00480	1.7
1505	2.7312E-01	0.00539	2.0
1506	2.8182E-01	0.00434	1.5
1507	2.9033E-01	0.00323	1.1
1508	2.8874E-01	0.00506	1.7
1509	2.8828E-01	0.00420	1.4
1510	2.9217E-01	0.00207	0.7
1511	2.9199E-01	0.00196	0.7
1512	2.8912E-01	0.00330	1.1
1513	2.8547E-01	0.00337	1.2
1514	2.8504E-01	0.00345	1.2
1515	2.8697E-01	0.00344	1.2
1516	2.8632E-01	0.00365	1.3
1517	2.8555E-01	0.00335	1.2
1518	2.8736E-01	0.00230	0.8
1519	2.8552E-01	0.00311	1.1
1520	2.8605E-01	0.00286	1.0
1521	2.8032E-01	0.00175	0.6
1522	2.7847E-01	0.00212	0.8
1523	2.8208E-01	0.00279	1.0
1524	2.8214E-01	0.00295	1.0
1525	2.7926E-01	0.00169	0.6
1526	2.8414E-01	0.00266	0.9
1527	2.8319E-01	0.00287	1.0
1528	2.8294E-01	0.00135	0.5
1529	2.7996E-01	0.00343	1.2
1530	2.7125E-01	0.00362	1.3
1531	2.7914E-01	0.00279	1.0
1532	2.8091E-01	0.00290	1.0
1533	2.7867E-01	0.00211	0.8
1534	2.7420E-01	0.00165	0.6
1535	2.7650E-01	0.00255	0.9
1536	2.7929E-01	0.00242	0.9
1537	2.7818E-01	0.00298	1.1
1538	2.7413E-01	0.00247	0.9
1539	2.7413E-01	0.00352	1.3
1540	2.6897E-01	0.00362	1.3
1541	2.7061E-01	0.00128	0.5
1542	2.7307E-01	0.00285	1.0
1543	2.7451E-01	0.00292	1.1
1544	2.7508E-01	0.00113	0.4
1545	2.7507E-01	0.00062	0.2
1546	2.7514E-01	0.00161	0.6
1547	2.7214E-01	0.00277	1.0
1548	2.6651E-01	0.00146	0.5
1549	2.6934E-01	0.00170	0.6
1550	2.6771E-01	0.00222	0.8
1551	2.6901E-01	0.00146	0.5
1552	2.7085E-01	0.00174	0.6
1553	2.6819E-01	0.00311	1.2
1554	2.6369E-01	0.00255	1.0
1555	2.6428E-01	0.00225	0.8
1556	2.6366E-01	0.00232	0.9
1557	2.6631E-01	0.00131	0.5
1558	2.6650E-01	0.00203	0.8
1559	2.6477E-01	0.00220	0.8
1560	2.6411E-01	0.00070	0.3
1561	2.6681E-01	0.00065	0.2
1562	2.6510E-01	0.00091	0.3
1563	2.6437E-01	0.00193	0.7
1564	2.6224E-01	0.00091	0.3
1565	2.6338E-01	0.00097	0.4
1566	2.6160E-01	0.00221	0.8
1567	2.6077E-01	0.00171	0.7
1568	2.5982E-01	0.00273	1.0
1569	2.5957E-01	0.00263	1.0
1570	2.5905E-01	0.00150	0.6
1571	2.6209E-01	0.00115	0.4
1572	2.6204E-01	0.00279	1.1
1573	2.5936E-01	0.00035	0.1
1574	2.5763E-01	0.00246	0.9
1575	2.4954E-01	0.00440	1.8
1576	2.5039E-01	0.00424	1.7
1577	2.4303E-01	0.00559	2.3
1578	2.5226E-01	0.00447	1.8
1579	2.5684E-01	0.00110	0.4
1580	2.5877E-01	0.00311	1.2
1581	2.5668E-01	0.00190	0.7
1582	2.5264E-01	0.00470	1.9
1583	2.5322E-01	0.00341	1.3
1584	2.5385E-01	0.00311	1.2
1585	2.5503E-01	0.00277	1.1
1586	2.5410E-01	0.00308	1.2
1587	2.5107E-01	0.00273	1.1
1588	2.4395E-01	0.00451	1.8
1589	2.3543E-01	0.00458	1.9
1590	2.3681E-01	0.00435	1.8
1591	2.3997E-01	0.00446	1.8
1592	2.4946E-01	0.00266	1.1
1593	2.5230E-01	0.00087	0.3
1594	2.5318E-01	0.00213	0.8
1595	2.5147E-01	0.00120	0.5
1596	2.4639E-01	0.00452	1.8
1597	2.4804E-01	0.00304	1.2
1598	2.5141E-01	0.00085	0.3
1599	2.4812E-01	0.00119	0.5
1600	2.4798E-01	0.00217	0.9
1601	2.4542E-01	0.00267	1.1
1602	2.4539E-01	0.00136	0.6
1603	2.4657E-01	0.00173	0.7
1604	2.4635E-01	0.00220	0.9
1605	2.4530E-01	0.00197	0.8
1606	2.4513E-01	0.00244	1.0
1607	2.4432E-01	0.00211	0.9
1608	2.4580E-01	0.00131	0.5
1609	2.4244E-01	0.00356	1.5
1610	2.3527E-01	0.00419	1.8
1611	2.3729E-01	0.00334	1.4
1612	2.4033E-01	0.00358	1.5
1613	2.4163E-01	0.00234	1.0
1614	2.4173E-01	0.00229	0.9
1615	2.3863E-01	0.00359	1.5
1616	2.3319E-01	0.00473	2.0
1617	2.3662E-01	0.00296	1.2
1618	2.4025E-01	0.00110	0.5
1619	2.3993E-01	0.00152	0.6
1620	2.3396E-01	0.00389	1.7
1621	2.3360E-01	0.00387	1.6
1622	2.3661E-01	0.00134	0.6
1623	2.3948E-01	0.00059	0.2
1624	2.4064E-01	0.00175	0.7
1625	2.3794E-01	0.00117	0.5
1626	2.3817E-01	0.00074	0.3
1627	2.3937E-01	0.00009	0.0
1628	2.3997E-01	0.00082	0.3
1629	2.3936E-01	0.00254	1.1
1630	2.3588E-01	0.00141	0.6
1631	2.3677E-01	0.00138	0.6
1632	2.3576E-01	0.00181	0.8
1633	2.3387E-01	0.00311	1.3
1634	2.3234E-01	0.00119	0.5
1635	2.3457E-01	0.00157	0.7
1636	2.3247E-01	0.00359	1.5
1637	2.2865E-01	0.00404	1.8
1638	2.2424E-01	0.00418	1.9
1639	2.2129E-01	0.00344	1.5
1640	2.2378E-01	0.00381	1.7
1641	2.2265E-01	0.00384	1.7
1642	2.2338E-01	0.00395	1.8
1643	2.2554E-01	0.00415	1.8
1644	2.2477E-01	0.00395	1.7
1645	2.2531E-01	0.00267	1.2
1646	2.2676E-01	0.00142	0.6
1647	2.2767E-01	0.00091	0.4
1648	2.2678E-01	0.00312	1.4
1649	2.2538E-01	0.00152	0.7
1650	2.2637E-01	0.00084	0.4
1651	2.2426E-01	0.00195	0.9
1652	2.2508E-01	0.00177	0.8
1653	2.2501E-01	0.00148	0.7
1654	2.2563E-01	0.00107	0.5
1655	2.2451E-01	0.00150	0.7
1656	2.2573E-01	0.00192	0.8
1657	2.2549E-01	0.00189	0.8
1658	2.2506E-01	0.00201	0.9
1659	2.2396E-01	0.00238	1.1
1660	2.2302E-01	0.00074	0.3
1661	2.2384E-01	0.00116	0.5
1662	2.2309E-01	0.00096	0.4
1663	2.2162E-01	0.00080	0.4
1664	2.2109E-01	0.00068	0.3
1665	2.2000E-01	0.00106	0.5
1666	2.1895E-01	0.00118	0.5
1667	2.2034E-01	0.00176	0.8
1668	2.1608E-01	0.00280	1.3
1669	2.1845E-01	0.00220	1.0
1670	2.2099E-01	0.00108	0.5
1671	2.1848E-01	0.00341	1.6
1672	2.1338E-01	0.00407	1.9
1673	2.1472E-01	0.00269	1.2
1674	2.1730E-01	0.00358	1.6
1675	2.1353E-01	0.00368	1.7
1676	2.1237E-01	0.00329	1.5
1677	2.1373E-01	0.00210	1.0
1678	2.1325E-01	0.00363	1.7
1679	2.0998E-01	0.00406	1.9
1680	2.0449E-01	0.00377	1.8
1681	1.9847E-01	0.00193	1.0
1682	2.0208E-01	0.00385	1.9
1683	2.0701E-01	0.00302	1.4
1684	2.1039E-01	0.00284	1.3
1685	2.1104E-01	0.00281	1.3
1686	2.0897E-01	0.00242	1.1
1687	2.0883E-01	0.00234	1.1
1688	2.0869E-01	0.00202	1.0
1689	2.0819E-01	0.00338	1.6
1690	2.0729E-01	0.00048	0.2
1691	2.0944E-01	0.00139	0.7
1692	2.1026E-01	0.00089	0.4
1693	2.0952E-01	0.00121	0.6
1694	2.0897E-01	0.00099	0.5
1695	2.0867E-01	0.00095	0.5
1696	2.0815E-01	0.00086	0.4
1697	2.0765E-01	0.00035	0.2
1698	2.0736E-01	0.00062	0.3
1699	2.0643E-01	0.00122	0.6
1700	2.0479E-01	0.00155	0.8
1701	2.0441E-01	0.00313	1.5
1702	2.0227E-01	0.00300	1.5
1703	2.0211E-01	0.00285	1.4
1704	2.0408E-01	0.00292	1.4
1705	2.0429E-01	0.00270	1.3
1710	1.9809E-01	0.00186	0.9
1715	1.9997E-01	0.00141	0.7
1720	1.9720E-01	0.00283	1.4
1725	1.9382E-01	0.00309	1.6
1730	1.9297E-01	0.00337	1.7
1735	1.8326E-01	0.00444	2.4
1740	1.8485E-01	0.00270	1.4
1745	1.8650E-01	0.00296	1.6
1750	1.8489E-01	0.00305	1.6
1755	1.8491E-01	0.00257	1.4
1760	1.8231E-01	0.00206	1.1
1765	1.8080E-01	0.00240	1.3
1770	1.7877E-01	0.00172	1.0
1775	1.7705E-01	0.00184	1.0
1780	1.7501E-01	0.00247	1.4
1785	1.7317E-01	0.00173	1.0
1790	1.7235E-01	0.00048	0.3
1795	1.7046E-01	0.00168	1.0
1800	1.6898E-01	0.00213	1.2
1805	1.6674E-01	0.00100	0.6
1810	1.6619E-01	0.00169	1.0
1815	1.5958E-01	0.00333	2.1
1820	1.5470E-01	0.00234	1.5
1825	1.6010E-01	0.00254	1.6
1830	1.5962E-01	0.00218	1.4
1835	1.5754E-01	0.00160	1.0
1840	1.5531E-01	0.00248	1.6
1845	1.5246E-01	0.00210	1.4
1850	1.5264E-01	0.00186	1.2
1855	1.5125E-01	0.00204	1.3
1860	1.4884E-01	0.00089	0.6
1865	1.4755E-01	0.00225	1.5
1870	1.4626E-01	0.00301	2.0
1875	1.3541E-01	0.00426	3.1
1880	1.4266E-01	0.00335	2.3
1885	1.4305E-01	0.00264	1.8
1890	1.4094E-01	0.00271	1.9
1895	1.3631E-01	0.00140	1.0
1900	1.3809E-01	0.00216	1.6
1905	1.3788E-01	0.00220	1.6
1910	1.3609E-01	0.00200	1.5
1915	1.3508E-01	0.00187	1.4
1920	1.3393E-01	0.00175	1.3
1925	1.3347E-01	0.00167	1.2
1930	1.3009E-01	0.00226	1.7
1935	1.3051E-01	0.00177	1.4
1940	1.2799E-01	0.00289	2.2
1945	1.2008E-01	0.00375	3.1
1950	1.2329E-01	0.00164	1.3
1955	1.2634E-01	0.00222	1.7
1960	1.2514E-01	0.00158	1.3
1965	1.2208E-01	0.00211	1.7
1970	1.2204E-01	0.00197	1.6
1975	1.2015E-01	0.00229	1.9
1980	1.1806E-01	0.00142	1.2
1985	1.1788E-01	0.00221	1.9
1990	1.1902E-01	0.00197	1.6
1995	1.1523E-01	0.00142	1.2
2000	1.1505E-01	0.00151	1.3
2005	1.1366E-01	0.00138	1.2
2010	1.1463E-01	0.00158	1.4
2015	1.1405E-01	0.00197	1.7
2020	1.1062E-01	0.00107	1.0
2025	1.1056E-01	0.00186	1.7
2030	1.0824E-01	0.00104	1.0
2035	1.0786E-01	0.00037	0.3
2040	1.0694E-01	0.00015	0.1
2045	1.0758E-01	0.00161	1.5
2050	1.0568E-01	0.00187	1.8
2055	1.0407E-01	0.00123	1.2
2060	1.0251E-01	0.00124	1.2
2065	1.0187E-01	0.00068	0.7
2070	1.0076E-01	0.00126	1.2
2075	1.0128E-01	0.00198	1.9
2080	9.9115E-02	0.00125	1.3
2085	9.8280E-02	0.00123	1.2
2090	9.8002E-02	0.00174	1.8
2095	9.6222E-02	0.00073	0.8
2100	9.6018E-02	0.00119	1.2
2105	9.6480E-02	0.00200	2.1
2110	9.4918E-02	0.00192	2.0
2115	9.4156E-02	0.00179	1.9
2120	9.2550E-02	0.00111	1.2
2125	9.2089E-02	0.00046	0.5
2130	9.2556E-02	0.00136	1.5
2135	9.1070E-02	0.00176	1.9
2140	9.1366E-02	0.00138	1.5
2145	9.0191E-02	0.00183	2.0
2150	8.9653E-02	0.00115	1.3
2155	8.9100E-02	0.00133	1.5
2160	8.7365E-02	0.00155	1.8
2165	8.1981E-02	0.00201	2.4
2170	8.3926E-02	0.00098	1.2
2175	8.5133E-02	0.00159	1.9
2180	8.3862E-02	0.00078	0.9
2185	8.4069E-02	0.00148	1.8
2190	8.2490E-02	0.00074	0.9
2195	8.2982E-02	0.00147	1.8
2200	8.1857E-02	0.00093	1.1
2205	8.0391E-02	0.00037	0.5
2210	7.9872E-02	0.00062	0.8
2215	7.9548E-02	0.00092	1.2
2220	7.9182E-02	0.00061	0.8
2225	7.8357E-02	0.00023	0.3
2230	7.7586E-02	0.00088	1.1
2235	7.7401E-02	0.00024	0.3
2240	7.5896E-02	0.00086	1.1
2245	7.5585E-02	0.00088	1.2
2250	7.4831E-02	0.00086	1.1
2255	7.3874E-02	0.00083	1.1
2260	7.3595E-02	0.00083	1.1
2265	7.2822E-02	0.00079	1.1
2270	7.2595E-02	0.00079	1.1
2275	7.2070E-02	0.00077	1.1
2280	7.1020E-02	0.00076	1.1
2285	7.0529E-02	0.00078	1.1
2290	7.0351E-02	0.00082	1.2
2295	6.8661E-02	0.00073	1.1
2300	6.8746E-02	0.00073	1.1
2305	6.8604E-02	0.00071	1.0
2310	6.8104E-02	0.00064	0.9
2315	6.7385E-02	0.00058	0.9
2320	6.6683E-02	0.00059	0.9
2325	6.5840E-02	0.00134	2.0
2330	6.5509E-02	0.00040	0.6
2335	6.4780E-02	0.00062	0.9
2340	6.4465E-02	0.00061	0.9
2345	6.4301E-02	0.00061	0.9
2350	6.3407E-02	0.00069	1.1
2355	6.2547E-02	0.00130	2.1
2360	6.2470E-02	0.00029	0.5
2365	6.2397E-02	0.00028	0.4
2370	6.1739E-02	0.00037	0.6
2375	6.0981E-02	0.00047	0.8
2380	6.1188E-02	0.00080	1.3
2385	5.9299E-02	0.00106	1.8
2390	5.9953E-02	0.00088	1.5
2395	5.9327E-02	0.00049	0.8
2400	5.8928E-02	-999	-999
2405	5.8652E-02	-999	-999
2410	5.8253E-02	-999	-999
2415	5.6019E-02	-999	-999
2420	5.6772E-02	-999	-999
2425	5.6517E-02	-999	-999
2430	5.6411E-02	-999	-999
2435	5.5630E-02	-999	-999
2440	5.5474E-02	-999	-999
2445	5.4745E-02	-999	-999
2450	5.3816E-02	-999	-999
2455	5.3319E-02	-999	-999
2460	5.3491E-02	-999	-999
2465	5.3505E-02	-999	-999
2470	5.2600E-02	-999	-999
2475	5.2571E-02	-999	-999
2480	5.1237E-02	-999	-999
2485	5.1007E-02	-999	-999
2490	5.1332E-02	-999	-999
2495	5.1032E-02	-999	-999
2500	5.1127E-02	-999	-999
2505	5.0744E-02	-999	-999
2510	5.0021E-02	-999	-999
2515	4.9738E-02	-999	-999
2520	4.9492E-02	-999	-999
2525	4.9202E-02	-999	-999
2530	4.8859E-02	-999	-999
2535	4.8220E-02	-999	-999
2540	4.7647E-02	-999	-999
2545	4.7448E-02	-999	-999
2550	4.7175E-02	-999	-999
2555	4.6770E-02	-999	-999
2560	4.6205E-02	-999	-999
2565	4.6136E-02	-999	-999
2570	4.5635E-02	-999	-999
2575	4.5543E-02	-999	-999
2580	4.5071E-02	-999	-999
2585	4.4023E-02	-999	-999
2590	4.4500E-02	-999	-999
2595	4.4007E-02	-999	-999
2600	4.3837E-02	-999	-999
2605	4.3844E-02	-999	-999
2610	4.3583E-02	-999	-999
2615	4.3143E-02	-999	-999
2620	4.2388E-02	-999	-999
2625	4.0110E-02	-999	-999
2630	4.1309E-02	-999	-999
2635	4.1591E-02	-999	-999
2640	4.0911E-02	-999	-999
2645	4.1338E-02	-999	-999
2650	4.1133E-02	-999	-999
2655	4.0603E-02	-999	-999
2660	4.0517E-02	-999	-999
2665	3.9581E-02	-999	-999
2670	3.9814E-02	-999	-999
2675	3.9465E-02	-999	-999
2680	3.9137E-02	-999	-999
2685	3.8993E-02	-999	-999
2690	3.8723E-02	-999	-999
2695	3.8547E-02	-999	-999
2700	3.8378E-02	-999	-999
2705	3.8084E-02	-999	-999
2710	3.7931E-02	-999	-999
2715	3.7577E-02	-999	-999
2720	3.7303E-02	-999	-999
2725	3.7161E-02	-999	-999
2730	3.6798E-02	-999	-999
2735	3.6599E-02	-999	-999
2740	3.6399E-02	-999	-999
2745	3.6116E-02	-999	-999
2750	3.5812E-02	-999	-999
2755	3.5367E-02	-999	-999
2760	3.4938E-02	-999	-999
2765	3.5080E-02	-999	-999
2770	3.4844E-02	-999	-999
2775	3.4675E-02	-999	-999
2780	3.4518E-02	-999	-999
2785	3.4285E-02	-999	-999
2790	3.4035E-02	-999	-999
2795	3.3815E-02	-999	-999
2800	3.3549E-02	-999	-999
2805	3.3423E-02	-999	-999
2810	3.3137E-02	-999	-999
2815	3.2907E-02	-999	-999
2820	3.2696E-02	-999	-999
2825	3.2586E-02	-999	-999
2830	3.2261E-02	-999	-999
2835	3.2076E-02	-999	-999
2840	3.1885E-02	-999	-999
2845	3.1711E-02	-999	-999
2850	3.1478E-02	-999	-999
2855	3.1180E-02	-999	-999
2860	3.0981E-02	-999	-999
2865	3.0743E-02	-999	-999
2870	3.0274E-02	-999	-999
2875	3.0047E-02	-999	-999
2880	3.0115E-02	-999	-999
2885	2.9976E-02	-999	-999
2890	2.9876E-02	-999	-999
2895	2.9616E-02	-999	-999
2900	2.9396E-02	-999	-999
2905	2.9203E-02	-999	-999
2910	2.9039E-02	-999	-999
2915	2.8822E-02	-999	-999
2920	2.8636E-02	-999	-999
2925	2.8487E-02	-999	-999
2930	2.8231E-02	-999	-999
2935	2.8110E-02	-999	-999
2940	2.7913E-02	-999	-999
2945	2.7682E-02	-999	-999
2950	2.7533E-02	-999	-999
2955	2.7402E-02	-999	-999
2960	2.7235E-02	-999	-999
2965	2.7074E-02	-999	-999
2970	2.6912E-02	-999	-999
2975	2.6743E-02	-999	-999
2980	2.6542E-02	-999	-999
2985	2.6383E-02	-999	-999
2990	2.6209E-02	-999	-999
2995	2.6132E-02	-999	-999
3000	2.5924E-02	-999	-999
3005	2.5869E-02	-999	-999
3010	2.5705E-02	-999	-999
3015	2.5503E-02	-999	-999
3020	2.5347E-02	-999	-999
3025	2.5198E-02	-999	-999
3030	2.5004E-02	-999	-999
3035	2.4637E-02	-999	-999
3040	2.4200E-02	-999	-999
3045	2.4423E-02	-999	-999
3050	2.4380E-02	-999	-999
3055	2.4221E-02	-999	-999
3060	2.4130E-02	-999	-999
3065	2.3911E-02	-999	-999
3070	2.3812E-02	-999	-999
3075	2.3718E-02	-999	-999
3080	2.3529E-02	-999	-999
3085	2.3350E-02	-999	-999
3090	2.3251E-02	-999	-999
3095	2.3102E-02	-999	-999
3100	2.2943E-02	-999	-999
3105	2.2827E-02	-999	-999
3110	2.2664E-02	-999	-999
3115	2.2267E-02	-999	-999
3120	2.2356E-02	-999	-999
3125	2.2247E-02	-999	-999
3130	2.2115E-02	-999	-999
3135	2.2039E-02	-999	-999
3140	2.1899E-02	-999	-999
3145	2.1737E-02	-999	-999
3150	2.1507E-02	-999	-999
3155	2.1452E-02	-999	-999
3160	2.1346E-02	-999	-999
3165	2.1214E-02	-999	-999
3170	2.1045E-02	-999	-999
3175	2.1010E-02	-999	-999
3180	2.0831E-02	-999	-999
3185	2.0720E-02	-999	-999
3190	2.0621E-02	-999	-999
3195	2.0518E-02	-999	-999
3200	2.0325E-02	-999	-999
3205	2.0260E-02	-999	-999
3210	2.0131E-02	-999	-999
3215	1.9982E-02	-999	-999
3220	1.9912E-02	-999	-999
3225	1.9783E-02	-999	-999
3230	1.9674E-02	-999	-999
3235	1.9535E-02	-999	-999
3240	1.9400E-02	-999	-999
3245	1.9276E-02	-999	-999
3250	1.9237E-02	-999	-999
3255	1.9097E-02	-999	-999
3260	1.8978E-02	-999	-999
3265	1.8832E-02	-999	-999
3270	1.8740E-02	-999	-999
3275	1.8640E-02	-999	-999
3280	1.8501E-02	-999	-999
3285	1.8349E-02	-999	-999
3290	1.8228E-02	-999	-999
3295	1.7836E-02	-999	-999
3300	1.7811E-02	-999	-999
3305	1.7908E-02	-999	-999
3310	1.7855E-02	-999	-999
3315	1.7736E-02	-999	-999
3320	1.7403E-02	-999	-999
3325	1.7547E-02	-999	-999
3330	1.7468E-02	-999	-999
3335	1.7362E-02	-999	-999
3340	1.7269E-02	-999	-999
3345	1.7214E-02	-999	-999
3350	1.7090E-02	-999	-999
3355	1.7001E-02	-999	-999
3360	1.6931E-02	-999	-999
3365	1.6782E-02	-999	-999
3370	1.6638E-02	-999	-999
3375	1.6603E-02	-999	-999
3380	1.6514E-02	-999	-999
3385	1.6434E-02	-999	-999
3390	1.6348E-02	-999	-999
3395	1.6156E-02	-999	-999
3400	1.5938E-02	-999	-999
3405	1.6022E-02	-999	-999
3410	1.5948E-02	-999	-999
3415	1.5799E-02	-999	-999
3420	1.5762E-02	-999	-999
3425	1.5689E-02	-999	-999
3430	1.5600E-02	-999	-999
3435	1.5540E-02	-999	-999
3440	1.5454E-02	-999	-999
3445	1.5391E-02	-999	-999
3450	1.5312E-02	-999	-999
3455	1.5212E-02	-999	-999
3460	1.5143E-02	-999	-999
3465	1.5053E-02	-999	-999
3470	1.4944E-02	-999	-999
3475	1.4860E-02	-999	-999
3480	1.4805E-02	-999	-999
3485	1.4725E-02	-999	-999
3490	1.4636E-02	-999	-999
3495	1.4547E-02	-999	-999
3500	1.4487E-02	-999	-999
3505	1.4417E-02	-999	-999
3510	1.4338E-02	-999	-999
3515	1.4249E-02	-999	-999
3520	1.4169E-02	-999	-999
3525	1.4090E-02	-999	-999
3530	1.4020E-02	-999	-999
3535	1.3911E-02	-999	-999
3540	1.3841E-02	-999	-999
3545	1.3811E-02	-999	-999
3550	1.3737E-02	-999	-999
3555	1.3603E-02	-999	-999
3560	1.3523E-02	-999	-999
3565	1.3503E-02	-999	-999
3570	1.3404E-02	-999	-999
3575	1.3349E-02	-999	-999
3580	1.3255E-02	-999	-999
3585	1.3195E-02	-999	-999
3590	1.3151E-02	-999	-999
3595	1.3056E-02	-999	-999
3600	1.2987E-02	-999	-999
3605	1.2947E-02	-999	-999
3610	1.2861E-02	-999	-999
3615	1.2818E-02	-999	-999
3620	1.2758E-02	-999	-999
3625	1.2659E-02	-999	-999
3630	1.2609E-02	-999	-999
3635	1.2539E-02	-999	-999
3640	1.2460E-02	-999	-999
3645	1.2354E-02	-999	-999
3650	1.2291E-02	-999	-999
3655	1.2187E-02	-999	-999
3660	1.2162E-02	-999	-999
3665	1.2099E-02	-999	-999
3670	1.2048E-02	-999	-999
3675	1.1968E-02	-999	-999
3680	1.1814E-02	-999	-999
3685	1.1804E-02	-999	-999
3690	1.1778E-02	-999	-999
3695	1.1635E-02	-999	-999
3700	1.1461E-02	-999	-999
3705	1.1516E-02	-999	-999
3710	1.1456E-02	-999	-999
3715	1.1437E-02	-999	-999
3720	1.1427E-02	-999	-999
3725	1.1367E-02	-999	-999
3730	1.1294E-02	-999	-999
3735	1.1153E-02	-999	-999
3740	1.0875E-02	-999	-999
3745	1.0860E-02	-999	-999
3750	1.0970E-02	-999	-999
3755	1.0940E-02	-999	-999
3760	1.0930E-02	-999	-999
3765	1.0883E-02	-999	-999
3770	1.0860E-02	-999	-999
3775	1.0756E-02	-999	-999
3780	1.0731E-02	-999	-999
3785	1.0671E-02	-999	-999
3790	1.0612E-02	-999	-999
3795	1.0562E-02	-999	-999
3800	1.0522E-02	-999	-999
3805	1.0469E-02	-999	-999
3810	1.0423E-02	-999	-999
3815	1.0363E-02	-999	-999
3820	1.0334E-02	-999	-999
3825	1.0287E-02	-999	-999
3830	1.0254E-02	-999	-999
3835	1.0170E-02	-999	-999
3840	1.0145E-02	-999	-999
3845	1.0089E-02	-999	-999
3850	1.0065E-02	-999	-999
3855	9.9826E-03	-999	-999
3860	9.9273E-03	-999	-999
3865	9.8587E-03	-999	-999
3870	9.8195E-03	-999	-999
3875	9.7822E-03	-999	-999
3880	9.7544E-03	-999	-999
3885	9.6605E-03	-999	-999
3890	9.6466E-03	-999	-999
3895	9.5735E-03	-999	-999
3900	9.5388E-03	-999	-999
3905	9.5169E-03	-999	-999
3910	9.4642E-03	-999	-999
3915	9.4290E-03	-999	-999
3920	9.3659E-03	-999	-999
3925	9.3400E-03	-999	-999
3930	9.2731E-03	-999	-999
3935	9.2327E-03	-999	-999
3940	9.1860E-03	-999	-999
3945	9.1413E-03	-999	-999
3950	9.0628E-03	-999	-999
3955	9.0047E-03	-999	-999
3960	8.9688E-03	-999	-999
3965	8.9635E-03	-999	-999
3970	8.8962E-03	-999	-999
3975	8.8730E-03	-999	-999
3980	8.8239E-03	-999	-999
3985	8.7523E-03	-999	-999
3990	8.6952E-03	-999	-999
3995	8.6395E-03	-999	-999
4000	8.6162E-03	-999	-999
4020	7.9458E-03	-999	-999	
4040	7.7864E-03	-999	-999	
4060	7.6300E-03	-999	-999	
4080	7.4785E-03	-999	-999	
4100	7.3301E-03	-999	-999	
4120	7.1866E-03	-999	-999	
4140	7.0451E-03	-999	-999	
4160	6.9076E-03	-999	-999	
4180	6.7731E-03	-999	-999	
4200	6.6426E-03	-999	-999	
4220	6.5141E-03	-999	-999	
4240	6.3895E-03	-999	-999	
4260	6.2670E-03	-999	-999	
4280	6.1484E-03	-999	-999	
4300	6.0318E-03	-999	-999	
4320	5.9193E-03	-999	-999	
4340	5.8077E-03	-999	-999	
4360	5.7001E-03	-999	-999	
4380	5.5935E-03	-999	-999	
4400	5.4908E-03	-999	-999	
4420	5.3892E-03	-999	-999	
4440	5.2916E-03	-999	-999	
4460	5.1949E-03	-999	-999	
4480	5.1003E-03	-999	-999	
4500	5.0076E-03	-999	-999	
4520	4.9179E-03	-999	-999	
4540	4.8293E-03	-999	-999	
4560	4.7436E-03	-999	-999	
4580	4.6599E-03	-999	-999	
4600	4.5772E-03	-999	-999	
4620	4.4965E-03	-999	-999	
4640	4.4178E-03	-999	-999	
4660	4.3401E-03	-999	-999	
4680	4.2653E-03	-999	-999	
4700	4.1916E-03	-999	-999	
4720	4.1189E-03	-999	-999	
4740	4.0491E-03	-999	-999	
4760	3.9794E-03	-999	-999	
4780	3.9116E-03	-999	-999	
4800	3.8449E-03	-999	-999	
4820	3.7801E-03	-999	-999	
4840	3.7173E-03	-999	-999	
4860	3.6546E-03	-999	-999	
4880	3.5938E-03	-999	-999	
4900	3.5340E-03	-999	-999	
4920	3.4752E-03	-999	-999	
4940	3.4184E-03	-999	-999	
4960	3.3626E-03	-999	-999	
4980	3.3078E-03	-999	-999	
5000	3.2540E-03	-999	-999	
5050	3.1853E-03	-999	-999	
5100	3.0667E-03	-999	-999	
5150	2.9532E-03	-999	-999	
5200	2.8436E-03	-999	-999	
5250	2.7409E-03	-999	-999	
5300	2.6423E-03	-999	-999	
5350	2.5486E-03	-999	-999	
5400	2.4580E-03	-999	-999	
5450	2.3713E-03	-999	-999	
5500	2.2896E-03	-999	-999	
5550	2.2099E-03	-999	-999	
5600	2.1352E-03	-999	-999	
5650	2.0634E-03	-999	-999	
5700	1.9937E-03	-999	-999	
5750	1.9279E-03	-999	-999	
5800	1.8642E-03	-999	-999	
5850	1.8034E-03	-999	-999	
5900	1.7446E-03	-999	-999	
5950	1.6888E-03	-999	-999	
6000	1.6350E-03	-999	-999	
6050	1.5832E-03	-999	-999	
6100	1.5334E-03	-999	-999	
6150	1.4855E-03	-999	-999	
6200	1.4397E-03	-999	-999	
6250	1.3959E-03	-999	-999	
6300	1.3530E-03	-999	-999	
6350	1.3132E-03	-999	-999	
6400	1.2733E-03	-999	-999	
6450	1.2365E-03	-999	-999	
6500	1.1996E-03	-999	-999	
6550	1.1637E-03	-999	-999	
6600	1.1298E-03	-999	-999	
6650	1.0980E-03	-999	-999	
6700	1.0661E-03	-999	-999	
6750	1.0362E-03	-999	-999	
6800	1.0073E-03	-999	-999	
6850	9.7890E-04	-999	-999	
6900	9.5170E-04	-999	-999	
6950	9.2560E-04	-999	-999	
7000	9.0029E-04	-999	-999	
7050	8.7578E-04	-999	-999	
7100	8.5217E-04	-999	-999	
7150	8.2935E-04	-999	-999	
7200	8.0723E-04	-999	-999	
7250	7.8591E-04	-999	-999	
7300	7.6529E-04	-999	-999	
7350	7.4536E-04	-999	-999	
7400	7.2603E-04	-999	-999	
7450	7.0740E-04	-999	-999	
7500	6.8927E-04	-999	-999	
7550	6.7183E-04	-999	-999	
7600	6.5479E-04	-999	-999	
7650	6.3836E-04	-999	-999	
7700	6.2251E-04	-999	-999	
7750	6.0717E-04	-999	-999	
7800	5.9222E-04	-999	-999	
7850	5.7778E-04	-999	-999	
7900	5.6373E-04	-999	-999	
7950	5.5018E-04	-999	-999	
8000	5.3693E-04	-999	-999	
8050	5.2417E-04	-999	-999	
8100	5.1182E-04	-999	-999	
8150	4.9966E-04	-999	-999	
8200	4.8801E-04	-999	-999	
8250	4.7665E-04	-999	-999	
8300	4.6559E-04	-999	-999	
8350	4.5493E-04	-999	-999	
8400	4.4457E-04	-999	-999	
8450	4.3450E-04	-999	-999	
8500	4.2474E-04	-999	-999	
8550	4.1508E-04	-999	-999	
8600	4.0581E-04	-999	-999	
8650	3.9684E-04	-999	-999	
8700	3.8807E-04	-999	-999	
8750	3.7951E-04	-999	-999	
8800	3.7134E-04	-999	-999	
8850	3.6327E-04	-999	-999	
8900	3.5539E-04	-999	-999	
8950	3.4782E-04	-999	-999	
9000	3.4045E-04	-999	-999	
9050	3.3318E-04	-999	-999	
9100	3.2610E-04	-999	-999	
9150	3.1933E-04	-999	-999	
9200	3.1265E-04	-999	-999	
9250	3.0618E-04	-999	-999	
9300	2.9990E-04	-999	-999	
9350	2.9372E-04	-999	-999	
9400	2.8764E-04	-999	-999	
9450	2.8186E-04	-999	-999	
9500	2.7609E-04	-999	-999	
9550	2.7061E-04	-999	-999	
9600	2.6513E-04	-999	-999	
9650	2.5985E-04	-999	-999	
9700	2.5476E-04	-999	-999	
9750	2.4978E-04	-999	-999	
9800	2.4480E-04	-999	-999	
9850	2.4012E-04	-999	-999	
9900	2.3544E-04	-999	-999	
9950	2.3085E-04	-999	-999	
10000	2.2637E-04	-999	-999	
11000	1.5344E-04	-999	-999	
12000	1.0810E-04	-999	-999	
13000	7.8272E-05	-999	-999	
14000	5.8097E-05	-999	-999	
15000	4.4018E-05	-999	-999	
16000	3.3886E-05	-999	-999	
17000	2.6562E-05	-999	-999	
18000	2.1122E-05	-999	-999	
19000	1.6988E-05	-999	-999	
20000	1.3799E-05	-999	-999	
25000	5.6781E-06	-999	-999	
30000	2.7499E-06	-999	-999	
35000	1.4826E-06	-999	-999	
40000	8.7379E-07	-999	-999	
50000	3.5948E-07	-999	-999	
60000	1.7366E-07	-999	-999	
80000	5.5187E-08	-999	-999	
100000	2.2717E-08	-999	-999	
120000	1.0980E-08	-999	-999	
150000	4.5144E-09	-999	-999	
200000	1.4357E-09	-999	-999	
250000	5.8943E-10	-999	-999	
300000	2.7688E-10	-999	-999	
400000	9.4792E-11	-999	-999	
1000000	3.1723E-12	-999	-999	
